proposal,fitness,cycle_time,temperature
"[[66, 86], [97, 23], [96, 96], [54, 45], [54, 28], [35, 27], [65, 32], [66, 26], [55, 20], [94, 72]]",0.7415341762172134,7.873994827270508,1.0
"[[86, 14], [67, 33], [71, 64], [93, 91], [35, 64], [19, 35], [45, 51], [21, 66], [70, 95], [69, 51]]",1.748007175812819,16.42386031150818,0.95
"[[65, 43], [70, 63], [34, 49], [18, 1], [28, 15], [95, 50], [36, 66], [31, 3], [93, 34], [16, 56]]",1.8388598192080363,27.735560655593872,0.9025
"[[69, 34], [52, 94], [47, 40], [18, 38], [62, 17], [100, 42], [89, 39], [52, 78], [45, 8], [93, 7]]",1.8672689078985978,42.5500009059906,0.8573749999999999
"[[69, 34], [51, 94], [47, 40], [18, 38], [62, 17], [100, 42], [89, 39], [52, 78], [45, 8], [93, 7]]",1.8811362060089167,57.01121234893799,0.8145062499999999
"[[69, 34], [50, 94], [47, 40], [18, 38], [62, 17], [100, 42], [89, 39], [52, 78], [45, 8], [93, 7]]",1.895574078645569,71.43991780281067,0.7737809374999999
"[[26, 86], [70, 57], [39, 68], [49, 15], [44, 6], [47, 75], [22, 61], [78, 33], [70, 18], [55, 44]]",1.790231228619815,86.24055027961731,0.7350918906249998
"[[26, 86], [70, 57], [39, 68], [49, 15], [44, 6], [47, 75], [22, 60], [78, 33], [70, 18], [55, 44]]",1.8046324296048464,101.24817132949829,0.6983372960937497
"[[26, 86], [70, 57], [39, 68], [49, 15], [44, 6], [47, 75], [22, 59], [78, 33], [70, 18], [55, 44]]",1.8189305088636831,116.22242307662964,0.6634204312890623
"[[53, 32], [32, 5], [81, 88], [70, 42], [55, 44], [63, 15], [95, 72], [46, 6], [30, 89], [91, 9]]",1.359249758225157,131.02859807014465,0.6302494097246091
"[[53, 32], [31, 5], [81, 88], [70, 42], [55, 44], [63, 15], [95, 72], [46, 6], [30, 89], [91, 9]]",1.376855562071428,145.49961304664612,0.5987369392383786
"[[53, 32], [30, 5], [81, 88], [70, 42], [55, 44], [63, 15], [95, 72], [46, 6], [30, 89], [91, 9]]",1.393195174873949,159.96362733840942,0.5688000922764596
"[[98, 91], [40, 28], [89, 78], [50, 64], [81, 96], [63, 39], [77, 28], [48, 50], [75, 90], [24, 9]]",1.2371915834529799,174.8410840034485,0.5403600876626365
"[[98, 91], [40, 28], [89, 78], [49, 64], [81, 96], [63, 39], [77, 28], [48, 50], [75, 90], [24, 9]]",1.2556835066900245,189.28570675849915,0.5133420832795047
"[[98, 91], [40, 28], [89, 78], [48, 64], [81, 96], [63, 39], [77, 28], [48, 50], [75, 90], [24, 9]]",1.2724667730054935,203.7353391647339,0.48767497911552943
"[[98, 91], [40, 28], [89, 78], [47, 64], [81, 96], [63, 39], [77, 28], [48, 50], [75, 90], [24, 9]]",1.2882021167151547,218.1631155014038,0.46329123015975293
"[[98, 91], [40, 28], [89, 78], [46, 64], [81, 96], [63, 39], [77, 28], [48, 50], [75, 90], [24, 9]]",1.3028762768038298,232.9633297920227,0.44012666865176525
"[[28, 58], [63, 77], [17, 67], [40, 85], [30, 70], [68, 90], [61, 74], [76, 0], [53, 27], [68, 51]]",1.4199903577855801,247.447203874588,0.41812033521917696
"[[28, 57], [63, 77], [17, 67], [40, 85], [30, 70], [68, 90], [61, 74], [76, 0], [53, 27], [68, 51]]",1.4356005153302331,262.2909073829651,0.3972143184582181
"[[28, 56], [63, 77], [17, 67], [40, 85], [30, 70], [68, 90], [61, 74], [76, 0], [53, 27], [68, 51]]",1.45230432513211,277.05733466148376,0.37735360253530714
"[[71, 29], [98, 28], [38, 24], [57, 21], [79, 53], [78, 88], [85, 37], [46, 4], [98, 25], [59, 72]]",0.8141605468791854,291.5013406276703,0.35848592240854177
"[[95, 72], [95, 54], [47, 51], [77, 41], [73, 75], [19, 38], [60, 16], [58, 45], [32, 68], [81, 83]]",1.7763769192129015,305.9235737323761,0.34056162628811465
"[[90, 91], [76, 32], [96, 41], [16, 82], [18, 60], [94, 51], [96, 65], [44, 28], [74, 2], [99, 50]]",1.1497525474882415,320.48516726493835,0.3235335449737089
"[[62, 65], [60, 57], [50, 19], [20, 16], [78, 36], [84, 65], [42, 14], [74, 87], [95, 6], [16, 66]]",1.698069617859233,335.3262176513672,0.30735686772502346
"[[62, 65], [59, 57], [50, 19], [20, 16], [78, 36], [84, 65], [42, 14], [74, 87], [95, 6], [16, 66]]",1.7073246246280904,349.74929881095886,0.2919890243387723
"[[62, 65], [58, 57], [50, 19], [20, 16], [78, 36], [84, 65], [42, 14], [74, 87], [95, 6], [16, 66]]",1.7171342384311608,364.17672419548035,0.27738957312183365
"[[62, 65], [57, 57], [50, 19], [20, 16], [78, 36], [84, 65], [42, 14], [74, 87], [95, 6], [16, 66]]",1.7272460792028306,378.6603708267212,0.263520094465742
"[[38, 68], [56, 96], [17, 95], [66, 81], [68, 56], [78, 61], [76, 43], [96, 7], [78, 60], [41, 67]]",0.5143950254917699,393.1972222328186,0.25034408974245487
"[[79, 69], [26, 97], [61, 88], [23, 42], [52, 98], [90, 30], [65, 90], [20, 22], [81, 64], [66, 69]]",1.3916609478471427,407.6900899410248,0.2378268852553321
"[[66, 49], [94, 15], [64, 86], [30, 69], [58, 49], [26, 75], [28, 5], [40, 33], [55, 83], [19, 2]]",2.0540428523388465,422.507292509079,0.2259355409925655
"[[66, 49], [94, 15], [64, 86], [30, 69], [58, 49], [26, 75], [28, 5], [39, 33], [55, 83], [19, 2]]",2.065560663502234,437.3817195892334,0.2146387639429372
"[[66, 49], [94, 15], [64, 86], [30, 69], [57, 49], [26, 75], [28, 5], [39, 33], [55, 83], [19, 2]]",2.075404456193028,451.82022070884705,0.20390682574579033
"[[66, 49], [94, 15], [64, 86], [30, 69], [57, 49], [26, 75], [28, 5], [38, 33], [55, 83], [19, 2]]",2.0855008833963993,466.27356004714966,0.1937114844585008
"[[66, 49], [94, 15], [64, 86], [30, 69], [56, 49], [26, 75], [28, 5], [38, 33], [55, 83], [19, 2]]",2.0955357269051325,480.82570815086365,0.18402591023557577
"[[66, 49], [94, 15], [64, 86], [30, 69], [55, 49], [26, 75], [28, 5], [38, 33], [55, 83], [19, 2]]",2.10552431325573,495.2840886116028,0.17482461472379698
"[[66, 49], [94, 15], [64, 86], [30, 69], [55, 49], [26, 75], [28, 5], [37, 33], [55, 83], [19, 2]]",2.115907963760513,509.7477798461914,0.16608338398760714
"[[66, 49], [94, 15], [64, 86], [30, 69], [54, 49], [26, 75], [28, 5], [37, 33], [55, 83], [19, 2]]",2.1262772185543257,524.2028577327728,0.15777921478822676
"[[66, 49], [94, 15], [64, 86], [30, 69], [54, 49], [26, 75], [28, 5], [36, 33], [55, 83], [19, 2]]",2.13669614615599,538.6876535415649,0.14989025404881542
"[[66, 49], [94, 15], [64, 86], [30, 69], [54, 49], [26, 75], [28, 5], [35, 33], [55, 83], [19, 2]]",2.1543217747283343,553.1806321144104,0.14239574134637464
"[[66, 49], [94, 15], [64, 86], [30, 69], [54, 49], [26, 75], [28, 5], [34, 33], [55, 83], [19, 2]]",2.170478126382488,568.0501298904419,0.1352759542790559
"[[66, 49], [94, 15], [64, 86], [30, 69], [54, 49], [26, 75], [28, 5], [33, 33], [55, 83], [19, 2]]",2.1848658834913035,582.527975320816,0.1285121565651031
"[[66, 49], [94, 15], [64, 86], [30, 69], [54, 49], [26, 75], [28, 5], [33, 32], [55, 83], [19, 2]]",2.28698716914832,596.9714920520782,0.12208654873684793
"[[66, 49], [94, 15], [64, 86], [31, 69], [54, 49], [26, 75], [28, 5], [33, 32], [55, 83], [19, 2]]",2.2994140744438223,611.3652074337006,0.11598222130000553
"[[66, 49], [94, 15], [64, 86], [32, 69], [54, 49], [26, 75], [28, 5], [33, 32], [55, 83], [19, 2]]",2.321333064795448,625.8776087760925,0.11018311023500525
"[[66, 49], [94, 15], [64, 86], [33, 69], [54, 49], [26, 75], [28, 5], [33, 32], [55, 83], [19, 2]]",2.3361606574597307,640.3735988140106,0.10467395472325498
"[[66, 49], [94, 15], [64, 86], [33, 69], [54, 49], [26, 75], [28, 5], [32, 32], [55, 83], [19, 2]]",2.3477090720405025,654.7880206108093,0.09944025698709223
"[[66, 49], [94, 15], [64, 86], [33, 69], [54, 49], [26, 75], [28, 5], [31, 32], [55, 83], [19, 2]]",2.361572105633594,669.7688381671906,0.09446824413773762
"[[66, 49], [94, 15], [64, 86], [33, 69], [54, 49], [26, 75], [28, 5], [30, 32], [55, 83], [19, 2]]",2.376679021782763,684.3306398391724,0.08974483193085074
"[[66, 49], [94, 15], [64, 86], [33, 69], [54, 49], [26, 75], [28, 5], [29, 32], [55, 83], [19, 2]]",2.3884788236418037,698.945193529129,0.0852575903343082
"[[66, 49], [94, 15], [64, 86], [33, 69], [53, 49], [26, 75], [28, 5], [29, 32], [55, 83], [19, 2]]",2.399416881623498,713.8010611534119,0.08099471081759278
"[[66, 49], [94, 15], [64, 86], [33, 69], [52, 49], [26, 75], [28, 5], [29, 32], [55, 83], [19, 2]]",2.4106344511592157,728.3534350395203,0.07694497527671314
"[[66, 49], [94, 15], [64, 86], [33, 69], [51, 49], [26, 75], [28, 5], [29, 32], [55, 83], [19, 2]]",2.421330884572949,742.7707524299622,0.07309772651287748
"[[66, 49], [94, 15], [64, 86], [33, 69], [51, 49], [26, 75], [28, 5], [28, 32], [55, 83], [19, 2]]",2.431806296511996,757.2093617916107,0.0694428401872336
"[[66, 49], [94, 15], [64, 86], [33, 69], [50, 49], [26, 75], [28, 5], [28, 32], [55, 83], [19, 2]]",2.441482383077571,771.665673494339,0.0659706981778719
"[[66, 49], [94, 15], [64, 86], [33, 69], [50, 49], [26, 75], [28, 5], [27, 32], [55, 83], [19, 2]]",2.45058177750808,786.1958901882172,0.0626721632689783
"[[66, 49], [94, 15], [64, 86], [33, 69], [50, 49], [26, 75], [28, 5], [26, 32], [55, 83], [19, 2]]",2.4577658886953264,800.6025607585907,0.059538555105529384
"[[66, 49], [94, 15], [64, 86], [33, 69], [50, 49], [26, 75], [28, 5], [25, 32], [55, 83], [19, 2]]",2.4653683839837814,815.0320615768433,0.05656162735025291
"[[66, 49], [94, 15], [64, 86], [33, 69], [49, 49], [26, 75], [28, 5], [25, 32], [55, 83], [19, 2]]",2.4718460744774875,829.4663779735565,0.053733545982740265
"[[66, 49], [94, 15], [64, 86], [33, 69], [48, 49], [26, 75], [28, 5], [25, 32], [55, 83], [19, 2]]",2.577165136813406,843.9677929878235,0.05104686868360325
"[[66, 49], [94, 15], [64, 86], [33, 69], [48, 50], [26, 75], [28, 5], [25, 32], [55, 83], [19, 2]]",2.587146485024906,858.4868650436401,0.04849452524942309
"[[66, 49], [94, 15], [64, 86], [33, 69], [48, 50], [26, 75], [28, 5], [24, 32], [55, 83], [19, 2]]",2.5934356546121986,872.8918991088867,0.04606979898695193
"[[66, 49], [94, 15], [64, 86], [33, 69], [48, 50], [26, 75], [28, 5], [23, 32], [55, 83], [19, 2]]",2.599568988560677,887.3491032123566,0.04376630903760433
"[[66, 49], [94, 15], [64, 86], [33, 69], [48, 50], [26, 75], [28, 5], [22, 32], [55, 83], [19, 2]]",2.606687285941949,901.762228012085,0.041577993585724116
"[[66, 49], [94, 15], [64, 86], [33, 69], [48, 50], [26, 75], [28, 5], [21, 32], [55, 83], [19, 2]]",2.6125585684294403,916.3441820144653,0.03949909390643791
"[[66, 49], [94, 15], [64, 86], [33, 69], [48, 50], [26, 75], [28, 5], [20, 32], [55, 83], [19, 2]]",2.6185270771929643,931.065717458725,0.03752413921111601
"[[66, 49], [94, 15], [64, 86], [33, 69], [48, 50], [26, 75], [28, 5], [20, 32], [54, 83], [19, 2]]",2.6243563794363665,945.7259712219238,0.03564793225056021
"[[66, 49], [94, 15], [64, 86], [33, 69], [48, 50], [26, 75], [28, 5], [20, 32], [54, 84], [19, 2]]",2.6306489830302944,960.3946712017059,0.0338655356380322
"[[66, 49], [94, 15], [64, 86], [33, 69], [48, 50], [26, 75], [28, 5], [20, 32], [53, 84], [19, 2]]",2.636276821510882,975.4451920986176,0.032172258856130585
"[[66, 49], [94, 15], [64, 86], [33, 69], [48, 50], [26, 75], [28, 5], [20, 32], [53, 85], [19, 2]]",2.6419910215139044,990.0972170829773,0.030563645913324056
"[[66, 49], [94, 15], [64, 86], [33, 69], [48, 50], [26, 75], [28, 5], [19, 32], [53, 85], [19, 2]]",2.647376942707308,1004.8252139091492,0.029035463617657853
"[[66, 49], [94, 15], [64, 86], [33, 69], [48, 50], [26, 75], [28, 5], [19, 32], [52, 85], [19, 2]]",2.652310116200119,1019.4743268489838,0.027583690436774957
"[[66, 49], [94, 15], [64, 86], [33, 69], [48, 50], [26, 75], [28, 4], [19, 32], [52, 85], [19, 2]]",2.6572109751211785,1034.1788125038147,0.02620450591493621
"[[66, 49], [94, 15], [64, 86], [33, 69], [48, 50], [26, 75], [28, 4], [18, 32], [52, 85], [19, 2]]",2.6619989850559023,1048.9663536548615,0.0248942806191894
"[[66, 49], [94, 15], [64, 86], [33, 69], [48, 50], [26, 75], [28, 4], [18, 32], [51, 85], [19, 2]]",2.6662533441428184,1063.6673955917358,0.023649566588229927
"[[66, 49], [94, 15], [64, 86], [33, 69], [48, 50], [26, 75], [28, 4], [18, 32], [51, 86], [19, 2]]",2.6726662447093608,1078.326781988144,0.022467088258818428
"[[66, 49], [94, 15], [64, 86], [33, 69], [48, 50], [26, 75], [28, 4], [17, 32], [51, 86], [19, 2]]",2.6768314067110053,1092.986961364746,0.021343733845877507
"[[66, 49], [94, 15], [64, 86], [33, 69], [48, 50], [26, 75], [28, 4], [17, 33], [51, 86], [19, 2]]",2.6806119263390773,1107.7021560668945,0.02027654715358363
"[[66, 49], [94, 15], [64, 86], [33, 69], [48, 50], [26, 75], [28, 4], [17, 33], [50, 86], [19, 2]]",2.684268807819241,1119.4583060741425,0.019262719795904448
"[[66, 49], [94, 15], [64, 86], [33, 69], [48, 50], [26, 75], [28, 4], [17, 33], [50, 87], [19, 2]]",2.6905519142559386,1127.3693363666534,0.018299583806109226
"[[66, 49], [94, 15], [64, 86], [33, 69], [48, 50], [26, 75], [28, 4], [17, 33], [49, 87], [19, 2]]",2.695308711199538,1135.3489105701447,0.017384604615803764
"[[66, 49], [94, 15], [64, 86], [33, 69], [48, 50], [26, 75], [28, 4], [16, 33], [49, 87], [19, 2]]",2.6982951121342555,1143.308720588684,0.016515374385013576
"[[66, 49], [94, 15], [64, 86], [33, 69], [48, 50], [26, 75], [28, 4], [16, 34], [49, 87], [19, 2]]",2.700992470600224,1151.2598927021027,0.015689605665762895
"[[66, 49], [94, 15], [64, 86], [33, 69], [48, 50], [26, 75], [28, 4], [16, 34], [49, 87], [18, 2]]",2.7036812449672416,1159.1922833919525,0.01490512538247475
"[[65, 49], [94, 15], [64, 86], [33, 69], [48, 50], [26, 75], [28, 4], [16, 34], [49, 87], [18, 2]]",2.7050256321507504,1167.1877584457397,0.014159869113351011
"[[64, 49], [94, 15], [64, 86], [33, 69], [48, 50], [26, 75], [28, 4], [16, 34], [49, 87], [18, 2]]",2.706594083864844,1175.1113047599792,0.01345187565768346
"[[63, 49], [94, 15], [64, 86], [33, 69], [48, 50], [26, 75], [28, 4], [16, 34], [49, 87], [18, 2]]",2.709058793701277,1183.0485689640045,0.012779281874799287
"[[62, 49], [94, 15], [64, 86], [33, 69], [48, 50], [26, 75], [28, 4], [16, 34], [49, 87], [18, 2]]",2.710627245415371,1191.0374250411987,0.012140317781059323
"[[62, 49], [94, 15], [64, 86], [33, 69], [47, 50], [26, 75], [28, 4], [16, 34], [49, 87], [18, 2]]",2.7126831598363195,1199.015941619873,0.011533301892006355
"[[61, 49], [94, 15], [64, 86], [33, 69], [47, 50], [26, 75], [28, 4], [16, 34], [49, 87], [18, 2]]",2.716716321386846,1206.9565978050232,0.010956636797406038
"[[60, 49], [94, 15], [64, 86], [33, 69], [47, 50], [26, 75], [28, 4], [16, 34], [49, 87], [18, 2]]",2.7200772893456184,1214.9293141365051,0.010408804957535735
"[[59, 49], [94, 15], [64, 86], [33, 69], [47, 50], [26, 75], [28, 4], [16, 34], [49, 87], [18, 2]]",2.7229901282432207,1222.9411675930023,0.009888364709658948
"[[58, 49], [94, 15], [64, 86], [33, 69], [47, 50], [26, 75], [28, 4], [16, 34], [49, 87], [18, 2]]",2.725006709018484,1231.0023534297943,0.009393946474176
"[[57, 49], [94, 15], [64, 86], [33, 69], [47, 50], [26, 75], [28, 4], [16, 34], [49, 87], [18, 2]]",2.7279195479160867,1238.9278411865234,0.0089242491504672
"[[57, 49], [93, 15], [64, 86], [33, 69], [47, 50], [26, 75], [28, 4], [16, 34], [49, 87], [18, 2]]",2.7299361286913495,1246.8592517375946,0.008478036692943839
"[[57, 49], [92, 15], [64, 86], [33, 69], [47, 50], [26, 75], [28, 4], [16, 34], [49, 87], [18, 2]]",2.731952709466613,1254.8068873882294,0.008054134858296647
"[[57, 49], [91, 15], [64, 86], [33, 69], [47, 50], [26, 75], [28, 4], [16, 34], [49, 87], [18, 2]]",2.7339692902418764,1262.7747173309326,0.0076514281153818135
"[[57, 49], [90, 15], [64, 86], [33, 69], [47, 50], [26, 75], [28, 4], [16, 34], [49, 87], [18, 2]]",2.7359858710171396,1270.738377571106,0.0072688567096127225
"[[57, 49], [89, 15], [64, 86], [33, 69], [47, 50], [26, 75], [28, 4], [16, 34], [49, 87], [18, 2]]",2.738226516322988,1278.695851802826,0.006905413874132086
"[[57, 49], [88, 15], [64, 86], [33, 69], [47, 50], [26, 75], [28, 4], [16, 34], [49, 87], [18, 2]]",2.7402430970982508,1286.6159882545471,0.006560143180425482
"[[57, 49], [87, 15], [64, 86], [33, 69], [47, 50], [26, 75], [28, 4], [16, 34], [49, 87], [18, 2]]",2.742483742404099,1294.5626890659332,0.0062321360214042075
"[[57, 49], [86, 15], [64, 86], [33, 69], [47, 50], [26, 75], [28, 4], [16, 34], [49, 87], [18, 2]]",2.7447243877099474,1302.6123011112213,0.005920529220333997
"[[57, 49], [85, 15], [64, 86], [33, 69], [47, 50], [26, 75], [28, 4], [16, 34], [49, 87], [18, 2]]",2.7469650330157953,1310.7503621578217,0.0056245027593172965
"[[57, 49], [84, 15], [64, 86], [33, 69], [47, 50], [26, 75], [28, 4], [16, 34], [49, 87], [18, 2]]",2.749205678321643,1318.8482582569122,0.005343277621351432
"[[56, 49], [84, 15], [64, 86], [33, 69], [47, 50], [26, 75], [28, 4], [16, 34], [49, 87], [18, 2]]",2.7514463236274915,1326.7861683368683,0.0050761137402838595
"[[55, 49], [84, 15], [64, 86], [33, 69], [47, 50], [26, 75], [28, 4], [16, 34], [49, 87], [18, 2]]",2.7536869689333394,1334.726003408432,0.004822308053269666
"[[55, 49], [83, 15], [64, 86], [33, 69], [47, 50], [26, 75], [28, 4], [16, 34], [49, 87], [18, 2]]",2.7561516787697724,1342.7105088233948,0.004581192650606183
"[[55, 49], [82, 15], [64, 86], [33, 69], [47, 50], [26, 75], [28, 4], [16, 34], [49, 87], [18, 2]]",2.758616388606205,1352.3051295280457,0.0043521330180758735
"[[55, 49], [81, 15], [64, 86], [33, 69], [47, 50], [26, 75], [28, 4], [16, 34], [49, 87], [18, 2]]",2.761305162973223,1360.3398685455322,0.0041345263671720795
"[[55, 49], [80, 15], [64, 86], [33, 69], [47, 50], [26, 75], [28, 4], [16, 34], [49, 87], [18, 2]]",2.763545808279071,1368.6011877059937,0.003927800048813475
"[[55, 49], [79, 15], [64, 86], [33, 69], [47, 50], [26, 75], [28, 4], [16, 34], [49, 87], [18, 2]]",2.7664586471766732,1382.9229118824005,0.0037314100463728015
"[[54, 49], [79, 15], [64, 86], [33, 69], [47, 50], [26, 75], [28, 4], [16, 34], [49, 87], [18, 2]]",2.7686992924825216,1397.5781881809235,0.0035448395440541612
"[[54, 49], [79, 15], [64, 86], [33, 69], [47, 51], [26, 75], [28, 4], [16, 34], [49, 87], [18, 2]]",2.7738134430402868,1412.0224962234497,0.003367597566851453
"[[53, 49], [79, 15], [64, 86], [33, 69], [47, 51], [26, 75], [28, 4], [16, 34], [49, 87], [18, 2]]",2.778294733651983,1426.3815982341766,0.00319921768850888
"[[52, 49], [79, 15], [64, 86], [33, 69], [47, 51], [26, 75], [28, 4], [16, 34], [49, 87], [18, 2]]",2.7818797661413397,1440.7395420074463,0.003039256804083436
"[[52, 49], [78, 15], [64, 86], [33, 69], [47, 51], [26, 75], [28, 4], [16, 34], [49, 87], [18, 2]]",2.7843444759777727,1455.1549479961395,0.0028872939638792637
"[[52, 49], [77, 15], [64, 86], [33, 69], [47, 51], [26, 75], [28, 4], [16, 34], [49, 87], [18, 2]]",2.787257314875375,1469.5628499984741,0.0027429292656853004
"[[52, 49], [76, 15], [64, 86], [33, 69], [47, 51], [26, 75], [28, 4], [16, 34], [49, 87], [18, 2]]",2.7899460892423926,1483.972006559372,0.0026057828024010354
"[[52, 49], [75, 15], [64, 86], [33, 69], [47, 51], [26, 75], [28, 4], [16, 34], [49, 87], [18, 2]]",2.7926348636094107,1498.4418897628784,0.0024754936622809836
"[[52, 49], [74, 15], [64, 86], [33, 69], [47, 51], [26, 75], [28, 4], [16, 34], [49, 87], [18, 2]]",2.7953236379764284,1512.8504846096039,0.002351718979166934
"[[52, 49], [73, 15], [64, 86], [33, 69], [47, 51], [26, 75], [28, 4], [16, 34], [49, 87], [18, 2]]",2.798236476874031,1527.3133370876312,0.0022341330302085875
"[[52, 49], [72, 15], [64, 86], [33, 69], [47, 51], [26, 75], [28, 4], [16, 34], [49, 87], [18, 2]]",2.8011493157716334,1541.7365527153015,0.002122426378698158
"[[52, 49], [71, 15], [64, 86], [33, 69], [47, 51], [26, 75], [28, 4], [16, 34], [49, 87], [18, 2]]",2.804286219199821,1556.153636455536,0.0020163050597632503
"[[52, 49], [70, 15], [64, 86], [33, 69], [47, 51], [26, 75], [28, 4], [16, 34], [49, 87], [18, 2]]",2.807199058097423,1570.5890612602234,0.0019154898067750877
"[[52, 49], [69, 15], [64, 86], [33, 69], [47, 51], [26, 75], [28, 4], [16, 34], [49, 87], [18, 2]]",2.810111896995026,1585.034215927124,0.0018197153164363333
"[[52, 49], [68, 15], [64, 86], [33, 69], [47, 51], [26, 75], [28, 4], [16, 34], [49, 87], [18, 2]]",2.904157891332304,1599.5194449424744,0.0017287295506145165
"[[52, 49], [67, 15], [64, 86], [33, 69], [47, 51], [26, 75], [28, 4], [16, 34], [49, 87], [18, 2]]",2.9072947947604915,1613.9353892803192,0.0016422930730837905
"[[52, 49], [66, 15], [64, 86], [33, 69], [47, 51], [26, 75], [28, 4], [16, 34], [49, 87], [18, 2]]",2.9104316981886784,1628.3534064292908,0.0015601784194296008
"[[52, 49], [65, 15], [64, 86], [33, 69], [47, 51], [26, 75], [28, 4], [16, 34], [49, 87], [18, 2]]",2.913792666147451,1642.7777614593506,0.0014821694984581207
"[[52, 49], [64, 15], [64, 86], [33, 69], [47, 51], [26, 75], [28, 4], [16, 34], [49, 87], [18, 2]]",2.9170893776509916,1657.197902917862,0.0014080610235352145
"[[52, 49], [63, 15], [64, 86], [33, 69], [47, 51], [26, 75], [28, 4], [16, 34], [49, 87], [18, 2]]",2.92528338282986,1671.6552298069,0.0013376579723584536
"[[52, 49], [62, 15], [64, 86], [33, 69], [47, 51], [26, 75], [28, 4], [16, 34], [49, 87], [18, 2]]",2.9342435227462094,1686.0947387218475,0.0012707750737405309
"[[52, 49], [61, 15], [64, 86], [33, 69], [47, 51], [26, 75], [28, 4], [16, 34], [49, 87], [18, 2]]",2.9426084126081626,1700.5144119262695,0.0012072363200535043
"[[52, 49], [60, 15], [64, 86], [33, 69], [47, 51], [26, 75], [28, 4], [16, 34], [49, 87], [18, 2]]",2.950806744729584,1715.0108788013458,0.001146874504050829
"[[52, 49], [59, 15], [64, 86], [33, 69], [47, 51], [26, 75], [28, 4], [16, 34], [49, 87], [18, 2]]",2.959264507485032,1728.9899597167969,0.0010895307788482875
"[[52, 49], [58, 15], [64, 86], [33, 69], [47, 51], [26, 75], [28, 4], [16, 34], [49, 87], [18, 2]]",2.9675084995606094,1743.4192531108856,0.001035054239905873
"[[52, 49], [57, 15], [64, 86], [33, 69], [47, 51], [26, 75], [28, 4], [16, 34], [49, 87], [18, 2]]",2.975286506340135,1757.8850700855255,0.0009833015279105794
"[[52, 49], [57, 14], [64, 86], [33, 69], [47, 51], [26, 75], [28, 4], [16, 34], [49, 87], [18, 2]]",2.9807706440775745,1772.3052728176117,0.0009341364515150504
"[[52, 49], [56, 14], [64, 86], [33, 69], [47, 51], [26, 75], [28, 4], [16, 34], [49, 87], [18, 2]]",2.989161362185858,1784.6114358901978,0.0008874296289392978
"[[52, 49], [55, 14], [64, 86], [33, 69], [47, 51], [26, 75], [28, 4], [16, 34], [49, 87], [18, 2]]",2.996572005184629,1792.6480541229248,0.0008430581474923328
"[[52, 49], [55, 13], [64, 86], [33, 69], [47, 51], [26, 75], [28, 4], [16, 34], [49, 87], [18, 2]]",3.002564968858714,1800.5648064613342,0.0008009052401177162
"[[52, 49], [54, 13], [64, 86], [33, 69], [47, 51], [26, 75], [28, 4], [16, 34], [49, 87], [18, 2]]",3.0100818954472546,1808.6309885978699,0.0007608599781118304
"[[52, 49], [54, 12], [64, 86], [33, 69], [47, 51], [26, 75], [28, 4], [16, 34], [49, 87], [18, 2]]",3.015936510137813,1816.6032845973969,0.0007228169792062388
"[[52, 49], [53, 12], [64, 86], [33, 69], [47, 51], [26, 75], [28, 4], [16, 34], [49, 87], [18, 2]]",3.02352636820949,1824.5655236244202,0.0006866761302459269
"[[52, 49], [52, 12], [64, 86], [33, 69], [47, 51], [26, 75], [28, 4], [16, 34], [49, 87], [18, 2]]",3.0306412912279868,1832.6290700435638,0.0006523423237336305
"[[52, 49], [52, 11], [64, 86], [33, 69], [47, 51], [26, 75], [28, 4], [16, 34], [49, 87], [18, 2]]",3.036875437250887,1840.613844871521,0.0006197252075469489
"[[52, 49], [51, 11], [64, 86], [33, 69], [47, 51], [26, 75], [28, 4], [16, 34], [49, 87], [18, 2]]",3.043692904886825,1848.6065027713776,0.0005887389471696014
"[[52, 49], [51, 10], [64, 86], [33, 69], [47, 51], [26, 75], [28, 4], [16, 34], [49, 87], [18, 2]]",3.0503023547114925,1856.632598400116,0.0005593019998111214
"[[52, 49], [50, 10], [64, 86], [33, 69], [47, 51], [26, 75], [28, 4], [16, 34], [49, 87], [18, 2]]",3.0564825241715967,1864.593099117279,0.0005313368998205653
"[[52, 49], [50, 9], [64, 86], [33, 69], [47, 51], [26, 75], [28, 4], [16, 34], [49, 87], [18, 2]]",3.0634908110066377,1872.5633380413055,0.0005047700548295369
"[[52, 49], [50, 8], [64, 86], [33, 69], [47, 51], [26, 75], [28, 4], [16, 34], [49, 87], [18, 2]]",3.069723513846051,1880.5279796123505,0.00047953155208806006
"[[52, 49], [49, 8], [64, 86], [33, 69], [47, 51], [26, 75], [28, 4], [16, 34], [49, 87], [18, 2]]",3.175811015567061,1888.4876890182495,0.000455554974483657
"[[52, 49], [49, 7], [64, 86], [33, 69], [47, 51], [26, 75], [28, 4], [16, 34], [49, 87], [18, 2]]",3.1831735915650987,1896.4673120975494,0.0004327772257594741
"[[52, 49], [49, 6], [64, 86], [33, 69], [47, 51], [26, 75], [28, 4], [16, 34], [49, 87], [18, 2]]",3.188871221525608,1904.4286451339722,0.0004111383644715004
"[[52, 49], [49, 5], [64, 86], [33, 69], [47, 51], [26, 75], [28, 4], [16, 34], [49, 87], [18, 2]]",3.1918827121832605,1912.5035877227783,0.00039058144624792536
"[[52, 49], [49, 5], [64, 86], [33, 69], [47, 51], [26, 75], [27, 4], [16, 34], [49, 87], [18, 2]]",3.194045836586233,1920.4231746196747,0.0003710523739355291
"[[52, 49], [49, 5], [64, 86], [33, 69], [47, 51], [26, 75], [27, 3], [16, 34], [49, 87], [18, 2]]",3.198401714427394,1928.353520154953,0.00035249975523875265
"[[52, 49], [49, 5], [64, 86], [33, 69], [47, 51], [26, 75], [27, 2], [16, 34], [49, 87], [18, 2]]",3.2007457158465806,1936.292402267456,0.000334874767476815
"[[51, 49], [49, 5], [64, 86], [33, 69], [47, 51], [26, 75], [27, 2], [16, 34], [49, 87], [18, 2]]",3.202314167560674,1944.2854087352753,0.00031813102910297424
"[[51, 49], [49, 5], [63, 86], [33, 69], [47, 51], [26, 75], [27, 2], [16, 34], [49, 87], [18, 2]]",3.2029863611524285,1952.235526561737,0.0003022244776478255
"[[51, 49], [49, 5], [63, 86], [33, 69], [47, 51], [26, 75], [27, 2], [16, 34], [48, 87], [18, 2]]",3.203753510433126,1960.230284690857,0.0002871132537654342
"[[51, 49], [49, 5], [63, 86], [33, 69], [47, 51], [26, 75], [27, 2], [16, 34], [48, 88], [18, 2]]",3.2146311167669657,1968.1811394691467,0.00027275759107716247
"[[51, 49], [49, 5], [63, 86], [33, 69], [47, 51], [26, 75], [27, 2], [16, 34], [47, 88], [18, 2]]",3.2183100174876507,1976.144615650177,0.00025911971152330434
"[[51, 49], [49, 5], [63, 86], [33, 69], [47, 51], [25, 75], [27, 2], [16, 34], [47, 88], [18, 2]]",3.2241603760652326,1984.1955380439758,0.00024616372594713913
"[[51, 49], [49, 5], [63, 86], [33, 69], [47, 51], [24, 75], [27, 2], [16, 34], [47, 88], [18, 2]]",3.2301678637597115,1992.1344561576843,0.00023385553964978215
"[[51, 49], [49, 5], [63, 86], [33, 69], [47, 51], [23, 75], [27, 2], [16, 34], [47, 88], [18, 2]]",3.2365506568107074,2000.0788328647614,0.00022216276266729304
"[[51, 49], [49, 5], [63, 86], [33, 69], [47, 51], [22, 75], [27, 2], [16, 34], [47, 88], [18, 2]]",3.24285517625258,2009.7015686035156,0.00021105462453392839
"[[51, 49], [49, 5], [63, 86], [33, 69], [47, 51], [21, 75], [27, 2], [16, 34], [47, 88], [18, 2]]",3.348627843075363,2024.1923608779907,0.00020050189330723196
"[[51, 49], [49, 5], [63, 86], [33, 69], [47, 51], [21, 76], [27, 2], [16, 34], [47, 88], [18, 2]]",3.3535094189008134,2038.6136486530304,0.00019047679864187035
"[[51, 49], [49, 5], [63, 86], [33, 69], [47, 51], [20, 76], [27, 2], [16, 34], [47, 88], [18, 2]]",3.3592120510939427,2053.0155017375946,0.00018095295870977683
"[[51, 49], [49, 5], [63, 86], [33, 69], [47, 51], [19, 76], [27, 2], [16, 34], [47, 88], [18, 2]]",3.3649976232027825,2067.403527021408,0.00017190531077428798
"[[51, 49], [49, 5], [63, 86], [33, 69], [47, 51], [18, 76], [27, 2], [16, 34], [47, 88], [18, 2]]",3.369950276515186,2081.908722639084,0.00016331004523557357
"[[51, 49], [49, 5], [63, 86], [33, 69], [47, 51], [17, 76], [27, 2], [16, 34], [47, 88], [18, 2]]",3.3758334541713704,2096.3622958660126,0.00015514454297379488
"[[51, 49], [49, 5], [63, 86], [33, 69], [47, 51], [16, 76], [27, 2], [16, 34], [47, 88], [18, 2]]",3.381930445817468,2110.705493927002,0.00014738731582510513
"[[51, 49], [49, 5], [63, 86], [33, 69], [47, 51], [16, 77], [27, 2], [16, 34], [47, 88], [18, 2]]",3.3886613335576854,2125.1243636608124,0.00014001795003384986
"[[51, 49], [49, 5], [63, 86], [33, 69], [47, 51], [16, 78], [27, 2], [16, 34], [47, 88], [18, 2]]",3.394877892318477,2139.563444852829,0.00013301705253215737
"[[51, 49], [49, 5], [63, 86], [33, 69], [47, 51], [16, 79], [27, 2], [16, 34], [47, 88], [18, 2]]",3.4002344534215574,2154.039120197296,0.0001263661999055495
"[[51, 49], [49, 5], [63, 86], [33, 69], [47, 51], [16, 80], [27, 2], [16, 34], [47, 88], [18, 2]]",3.4041373989635346,2168.466883659363,0.000120047889910272
"[[51, 49], [49, 5], [63, 86], [33, 69], [47, 51], [15, 80], [27, 2], [16, 34], [47, 88], [18, 2]]",3.4111240795742646,2182.8218791484833,0.0001140454954147584
"[[51, 49], [49, 5], [63, 86], [33, 69], [47, 51], [14, 80], [27, 2], [16, 34], [47, 88], [18, 2]]",3.415783077614897,2197.2844049930573,0.00010834322064402047
"[[51, 49], [49, 5], [63, 86], [32, 69], [47, 51], [14, 80], [27, 2], [16, 34], [47, 88], [18, 2]]",3.419776905519738,2211.72838640213,0.00010292605961181944
"[[51, 49], [49, 5], [63, 86], [32, 69], [47, 51], [14, 80], [27, 2], [16, 34], [46, 88], [18, 2]]",3.422760052236214,2226.1285014152527,9.777975663122846e-05
"[[51, 49], [49, 5], [63, 86], [32, 69], [47, 51], [14, 80], [27, 2], [16, 34], [46, 89], [18, 2]]",3.430106121377929,2240.6052253246307,9.289076879966704e-05
"[[51, 49], [49, 5], [63, 86], [32, 69], [47, 51], [13, 80], [27, 2], [16, 34], [46, 89], [18, 2]]",3.4319221772006356,2255.012371301651,8.824623035968368e-05
"[[51, 49], [49, 5], [62, 86], [32, 69], [47, 51], [13, 80], [27, 2], [16, 34], [46, 89], [18, 2]]",3.4332665643841445,2269.4661107063293,8.383391884169949e-05
"[[51, 49], [49, 5], [61, 86], [32, 69], [47, 51], [13, 80], [27, 2], [16, 34], [46, 89], [18, 2]]",3.435059080628823,2283.8723351955414,7.96422228996145e-05
"[[51, 49], [49, 5], [61, 86], [32, 69], [47, 51], [13, 80], [27, 2], [16, 34], [45, 89], [18, 2]]",3.4369634028369305,2298.615279197693,7.566011175463378e-05
"[[51, 49], [49, 5], [61, 86], [32, 69], [47, 51], [13, 80], [27, 2], [16, 34], [45, 90], [18, 2]]",3.4429006590698434,2313.2658002376556,7.187710616690208e-05
"[[51, 49], [49, 5], [60, 86], [32, 69], [47, 51], [13, 80], [27, 2], [16, 34], [45, 90], [18, 2]]",3.4442450462533523,2327.8219180107117,6.828325085855697e-05
"[[51, 49], [49, 5], [59, 86], [32, 69], [47, 51], [13, 80], [27, 2], [16, 34], [45, 90], [18, 2]]",3.446037562498031,2342.3658876419067,6.486908831562912e-05
"[[51, 49], [49, 5], [58, 86], [32, 69], [47, 51], [13, 80], [27, 2], [16, 34], [45, 90], [18, 2]]",3.448054143273294,2356.9722900390625,6.162563389984766e-05
"[[51, 49], [49, 5], [57, 86], [32, 69], [47, 51], [13, 80], [27, 2], [16, 34], [45, 90], [18, 2]]",3.448950401395633,2371.626410007477,5.8544352204855274e-05
"[[51, 49], [49, 5], [56, 86], [32, 69], [47, 51], [13, 80], [27, 2], [16, 34], [45, 90], [18, 2]]",3.4505188531097266,2386.2252559661865,5.561713459461251e-05
"[[51, 49], [49, 5], [55, 86], [32, 69], [47, 51], [13, 80], [27, 2], [16, 34], [45, 90], [18, 2]]",3.451415111232066,2400.843735933304,5.283627786488188e-05
"[[51, 49], [49, 5], [54, 86], [32, 69], [47, 51], [13, 80], [27, 2], [16, 34], [45, 90], [18, 2]]",3.4523113693544056,2415.4324979782104,5.019446397163778e-05
"[[51, 49], [49, 5], [54, 86], [32, 69], [47, 51], [13, 80], [27, 2], [16, 34], [45, 90], [17, 2]]",3.4529835629461596,2430.033093690872,4.768474077305589e-05
"[[51, 49], [49, 5], [54, 86], [32, 69], [47, 51], [13, 80], [27, 2], [16, 34], [45, 90], [16, 2]]",3.4558964018437623,2444.66268658638,4.53005037344031e-05
"[[51, 49], [49, 5], [54, 86], [32, 69], [47, 51], [13, 80], [26, 2], [16, 34], [45, 90], [16, 2]]",3.4583217780345095,2459.208467245102,4.303547854768294e-05
"[[51, 49], [49, 5], [54, 86], [32, 69], [47, 51], [13, 80], [26, 2], [16, 34], [45, 90], [15, 2]]",3.461010552401527,2473.771989583969,4.0883704620298796e-05
"[[51, 49], [49, 5], [54, 86], [32, 69], [47, 51], [13, 80], [26, 2], [16, 34], [45, 90], [14, 2]]",3.463027133176791,2488.343651533127,3.883951938928385e-05
"[[51, 49], [49, 5], [54, 86], [32, 69], [47, 51], [13, 80], [26, 2], [16, 34], [45, 90], [13, 2]]",3.465043713952054,2502.9391055107117,3.689754341981966e-05
"[[51, 49], [49, 5], [54, 86], [32, 69], [47, 51], [13, 80], [26, 2], [16, 34], [45, 90], [13, 3]]",3.4668362301967326,2517.649797677994,3.505266624882867e-05
"[[51, 49], [49, 5], [54, 86], [32, 69], [47, 51], [13, 80], [26, 2], [16, 34], [45, 90], [13, 4]]",3.4686287464414107,2532.281861782074,3.3300032936387236e-05
"[[51, 49], [49, 5], [54, 86], [32, 69], [47, 51], [13, 80], [26, 2], [16, 34], [45, 90], [13, 5]]",3.4701971981555046,2546.92648601532,3.163503128956787e-05
"[[51, 49], [49, 5], [54, 86], [32, 69], [47, 51], [13, 80], [26, 2], [16, 34], [45, 90], [12, 5]]",3.4715415853390135,2561.502112865448,3.0053279725089478e-05
"[[51, 49], [49, 5], [54, 86], [32, 69], [47, 51], [13, 80], [26, 2], [16, 34], [45, 90], [12, 6]]",3.4735581661142767,2576.0589079856873,2.8550615738835003e-05
"[[51, 49], [49, 5], [54, 86], [32, 69], [47, 51], [13, 80], [26, 2], [16, 34], [45, 90], [12, 7]]",3.4753506823589553,2590.653730869293,2.7123084951893252e-05
"[[51, 49], [49, 5], [54, 86], [32, 69], [47, 51], [13, 80], [26, 2], [16, 34], [45, 90], [12, 8]]",3.4769191340730488,2605.173914670944,2.576693070429859e-05
"[[51, 49], [49, 5], [54, 86], [32, 69], [47, 51], [13, 80], [26, 2], [16, 34], [45, 90], [12, 9]]",3.4784875857871427,2619.718362092972,2.447858416908366e-05
"[[51, 49], [49, 5], [54, 86], [32, 69], [47, 51], [13, 80], [26, 2], [16, 34], [45, 90], [11, 9]]",3.480056037501236,2634.2918474674225,2.3254654960629475e-05
"[[51, 49], [49, 5], [54, 86], [32, 69], [47, 51], [13, 80], [26, 2], [16, 34], [45, 90], [11, 10]]",3.4818485537459143,2648.8785207271576,2.2091922212598e-05
"[[51, 49], [49, 5], [54, 86], [32, 69], [47, 51], [13, 80], [26, 2], [16, 34], [45, 90], [11, 11]]",3.4831929409294236,2663.4498896598816,2.09873261019681e-05
"[[51, 49], [49, 5], [54, 86], [32, 69], [47, 51], [13, 80], [26, 2], [16, 34], [45, 90], [10, 11]]",3.484761392643517,2677.9993288517,1.9937959796869693e-05
"[[51, 49], [49, 5], [54, 86], [32, 69], [47, 51], [13, 80], [26, 2], [16, 34], [45, 90], [10, 12]]",3.4861057798270263,2692.56845498085,1.8941061807026206e-05
"[[51, 49], [49, 5], [54, 86], [32, 69], [47, 51], [13, 80], [26, 2], [16, 34], [45, 90], [10, 13]]",3.4878982960717044,2707.159332513809,1.7994008716674895e-05
"[[51, 49], [49, 5], [54, 86], [32, 69], [47, 51], [13, 80], [26, 2], [16, 34], [45, 90], [10, 14]]",3.4892426832552133,2721.7317786216736,1.7094308280841148e-05
"[[51, 49], [49, 5], [54, 86], [32, 69], [47, 51], [13, 80], [26, 2], [16, 34], [45, 90], [10, 15]]",3.491035199499892,2736.328888654709,1.623959286679909e-05
"[[51, 49], [49, 5], [54, 86], [32, 69], [47, 51], [13, 80], [26, 2], [16, 34], [45, 90], [10, 16]]",3.4923795866834006,2750.910423517227,1.5427613223459133e-05
"[[51, 49], [49, 5], [54, 86], [32, 69], [47, 51], [13, 80], [26, 2], [16, 34], [45, 90], [10, 17]]",3.4937239738669095,2765.4868240356445,1.4656232562286176e-05
"[[51, 49], [49, 5], [54, 86], [32, 69], [47, 51], [13, 80], [26, 2], [16, 34], [45, 90], [9, 17]]",3.495516490111588,2780.0298731327057,1.3923420934171866e-05
"[[51, 49], [49, 5], [54, 86], [32, 69], [47, 51], [13, 80], [26, 2], [16, 34], [45, 90], [8, 17]]",3.4961886837033425,2794.6516230106354,1.3227249887463272e-05
"[[51, 49], [49, 5], [54, 86], [32, 69], [47, 51], [13, 80], [26, 2], [16, 34], [45, 90], [8, 18]]",3.497757135417436,2809.19673538208,1.2565887393090107e-05
"[[51, 49], [49, 5], [54, 86], [32, 69], [47, 51], [13, 80], [26, 2], [16, 34], [45, 90], [8, 19]]",3.500599666496165,2823.8978328704834,1.19375930234356e-05
"[[51, 49], [49, 5], [54, 86], [32, 69], [47, 51], [13, 80], [26, 2], [16, 34], [45, 90], [8, 20]]",3.5087445390785614,2838.4721825122833,1.134071337226382e-05
"[[51, 49], [49, 5], [54, 86], [32, 69], [47, 51], [13, 80], [26, 2], [17, 34], [45, 90], [8, 20]]",3.5106092343953437,2852.982544183731,1.0773677703650629e-05
"[[51, 49], [49, 5], [54, 86], [32, 69], [47, 51], [13, 80], [26, 2], [17, 35], [45, 90], [8, 20]]",3.516705772015265,2867.5862550735474,1.0234993818468096e-05
"[[51, 49], [49, 5], [54, 86], [32, 69], [47, 51], [13, 80], [26, 2], [18, 35], [45, 90], [8, 20]]",3.5180099860425216,2882.243037700653,9.72324412754469e-06
"[[51, 49], [49, 5], [54, 86], [32, 69], [47, 51], [13, 80], [26, 2], [19, 35], [45, 90], [8, 20]]",3.5189567461503444,2896.7924275398254,9.237081921167456e-06
"[[51, 49], [49, 5], [54, 87], [32, 69], [47, 51], [13, 80], [26, 2], [19, 35], [45, 90], [8, 20]]",3.519404875211514,2911.349643945694,8.775227825109082e-06
"[[51, 49], [49, 5], [53, 87], [32, 69], [47, 51], [13, 80], [26, 2], [19, 35], [45, 90], [8, 20]]",3.5200770688032685,2925.9273643493652,8.336466433853627e-06
"[[51, 49], [49, 5], [53, 88], [32, 69], [47, 51], [13, 80], [26, 2], [19, 35], [45, 90], [8, 20]]",3.5205251978644383,2940.444310426712,7.919643112160946e-06
"[[51, 49], [49, 5], [53, 89], [32, 69], [47, 51], [13, 80], [26, 2], [19, 35], [45, 90], [8, 20]]",3.520973326925608,2954.976315021515,7.523660956552898e-06
"[[51, 49], [49, 5], [53, 90], [32, 69], [47, 51], [13, 80], [26, 2], [19, 35], [45, 90], [8, 20]]",3.5214214559867774,2969.5696935653687,7.147477908725253e-06
"[[51, 49], [49, 5], [52, 90], [32, 69], [47, 51], [13, 80], [26, 2], [19, 35], [45, 90], [8, 20]]",3.522093649578532,2984.107183456421,6.79010401328899e-06
"[[51, 49], [49, 5], [52, 91], [32, 69], [47, 51], [13, 80], [26, 2], [19, 35], [45, 90], [8, 20]]",3.525130179272527,2998.7241129875183,6.45059881262454e-06
"[[51, 49], [49, 5], [52, 92], [32, 69], [47, 51], [13, 80], [26, 2], [19, 35], [45, 90], [8, 20]]",3.5305223281928724,3013.2633883953094,6.128068871993313e-06
"[[51, 49], [49, 5], [52, 93], [32, 69], [47, 51], [13, 80], [26, 2], [19, 35], [45, 90], [8, 20]]",3.535519771180285,3027.790601015091,5.821665428393647e-06
"[[51, 49], [49, 5], [51, 93], [32, 69], [47, 51], [13, 80], [26, 2], [19, 35], [45, 90], [8, 20]]",3.5403934119352245,3042.4197556972504,5.530582156973964e-06
"[[51, 49], [49, 5], [51, 94], [32, 69], [47, 51], [13, 80], [26, 2], [19, 35], [45, 90], [8, 20]]",3.54590991480727,3056.9215936660767,5.254053049125266e-06
"[[51, 49], [49, 5], [50, 94], [32, 69], [47, 51], [13, 80], [26, 2], [19, 35], [45, 90], [8, 20]]",3.5506571334192065,3071.504560947418,4.991350396669002e-06
"[[51, 49], [49, 5], [50, 95], [32, 69], [47, 51], [13, 80], [26, 2], [19, 35], [45, 90], [8, 20]]",3.5560759939036704,3086.1033325195312,4.741782876835552e-06
"[[51, 49], [49, 5], [49, 95], [32, 69], [47, 51], [13, 80], [26, 2], [19, 35], [45, 90], [8, 20]]",3.5605371036221127,3100.641385793686,4.504693732993774e-06
"[[51, 49], [49, 5], [49, 96], [32, 69], [47, 51], [13, 80], [26, 2], [19, 35], [45, 90], [8, 20]]",3.5664661375306554,3115.1938061714172,4.279459046344085e-06
"[[51, 49], [49, 5], [49, 97], [32, 69], [47, 51], [13, 80], [26, 2], [19, 35], [45, 90], [8, 20]]",3.568891513721403,3129.757749080658,4.065486094026881e-06
"[[51, 49], [49, 5], [49, 97], [32, 69], [47, 52], [13, 80], [26, 2], [19, 35], [45, 90], [8, 20]]",3.5711714926729368,3144.42148065567,3.862211789325536e-06
"[[51, 49], [49, 5], [49, 97], [32, 69], [47, 52], [13, 80], [26, 2], [19, 35], [44, 90], [8, 20]]",3.574084331570539,3158.9324975013733,3.6691011998592594e-06
"[[51, 49], [49, 5], [49, 97], [32, 69], [47, 52], [13, 80], [26, 2], [19, 35], [43, 90], [8, 20]]",3.5763249768763874,3173.431017637253,3.485646139866296e-06
"[[50, 49], [49, 5], [49, 97], [32, 69], [47, 52], [13, 80], [26, 2], [19, 35], [43, 90], [8, 20]]",3.577893428590481,3187.8613522052765,3.3113638328729812e-06
"[[50, 49], [49, 5], [49, 97], [32, 69], [47, 52], [13, 80], [26, 2], [19, 35], [42, 90], [8, 20]]",3.5794618803045744,3202.264657020569,3.145795641229332e-06
"[[50, 49], [49, 5], [49, 97], [32, 69], [47, 52], [13, 80], [26, 2], [19, 35], [41, 90], [8, 20]]",3.58629759683227,3216.633542060852,2.988505859167865e-06
"[[50, 49], [49, 5], [49, 97], [32, 69], [47, 52], [13, 80], [26, 2], [19, 35], [40, 90], [8, 20]]",3.5923386076052513,3231.0000960826874,2.8390805662094717e-06
"[[50, 49], [49, 5], [49, 97], [32, 69], [47, 52], [13, 80], [26, 2], [19, 35], [39, 90], [8, 20]]",3.597421501694561,3245.392416000366,2.697126537898998e-06
"[[50, 49], [49, 5], [49, 97], [32, 69], [47, 52], [13, 80], [26, 2], [19, 35], [38, 90], [8, 20]]",3.6022086503778916,3259.778417110443,2.562270211004048e-06
"[[50, 49], [49, 5], [49, 96], [32, 69], [47, 52], [13, 80], [26, 2], [19, 35], [38, 90], [8, 20]]",3.6085217908799514,3274.1878402233124,2.4341567004538453e-06
"[[50, 49], [49, 5], [49, 96], [32, 69], [47, 52], [13, 80], [26, 2], [19, 35], [37, 90], [8, 20]]",3.6147938597653155,3288.5847594738007,2.312448865431153e-06
"[[50, 49], [49, 5], [49, 96], [32, 69], [47, 52], [13, 80], [26, 2], [19, 35], [36, 90], [8, 20]]",3.6202958296650425,3303.085604906082,2.196826422159595e-06
"[[50, 49], [49, 5], [49, 96], [32, 69], [47, 52], [13, 80], [26, 2], [19, 35], [35, 90], [8, 20]]",3.6259064390377524,3317.4848210811615,2.0869851010516154e-06
"[[50, 49], [49, 5], [49, 96], [32, 69], [47, 52], [13, 80], [26, 2], [19, 35], [34, 90], [8, 20]]",3.630932052088852,3331.847493171692,1.9826358459990345e-06
"[[50, 49], [49, 5], [49, 96], [32, 69], [47, 52], [13, 80], [26, 2], [19, 35], [33, 90], [8, 20]]",3.636242607817273,3346.2509586811066,1.8835040536990826e-06
"[[50, 49], [49, 5], [49, 96], [32, 69], [47, 52], [13, 80], [26, 2], [19, 35], [32, 90], [8, 20]]",3.6386688657182926,3360.720378637314,1.7893288510141284e-06
"[[50, 49], [49, 5], [49, 96], [32, 69], [47, 52], [13, 80], [26, 2], [19, 35], [31, 90], [8, 20]]",3.645117171139174,3375.206067085266,1.699862408463422e-06
"[[50, 49], [49, 5], [49, 96], [32, 69], [47, 52], [13, 80], [26, 2], [19, 35], [30, 90], [8, 20]]",3.6488172603045523,3389.5945410728455,1.6148692880402508e-06
"[[50, 49], [49, 5], [49, 96], [33, 69], [47, 52], [13, 80], [26, 2], [19, 35], [30, 90], [8, 20]]",3.6528897555007642,3403.9550552368164,1.534125823638238e-06
"[[50, 49], [49, 5], [49, 96], [33, 69], [47, 52], [13, 80], [26, 2], [19, 35], [29, 90], [8, 20]]",3.6566963025394172,3418.3990607261658,1.457419532456326e-06
"[[50, 49], [49, 5], [49, 96], [33, 69], [47, 52], [13, 80], [26, 2], [19, 35], [29, 91], [8, 20]]",3.66079208447533,3432.866379737854,1.3845485558335097e-06
"[[50, 49], [49, 5], [49, 96], [33, 69], [47, 52], [13, 80], [26, 2], [19, 35], [28, 91], [8, 20]]",3.6645159487553522,3447.2382376194,1.3153211280418342e-06
"[[50, 49], [49, 5], [49, 96], [33, 69], [47, 52], [13, 80], [26, 2], [19, 35], [28, 92], [8, 20]]",3.668237927128553,3461.6065311431885,1.2495550716397424e-06
"[[50, 49], [49, 5], [49, 96], [33, 69], [47, 52], [13, 80], [26, 2], [19, 35], [27, 92], [8, 20]]",3.6718461967733464,3476.041208744049,1.1870773180577553e-06
"[[50, 49], [49, 5], [49, 96], [33, 69], [47, 52], [13, 80], [26, 2], [19, 35], [27, 93], [8, 20]]",3.675669893979598,3490.4492444992065,1.1277234521548674e-06
"[[50, 49], [49, 5], [49, 96], [33, 69], [47, 52], [13, 80], [26, 2], [19, 35], [26, 93], [8, 20]]",3.6786574953385123,3504.8190784454346,1.071337279547124e-06
"[[50, 49], [49, 5], [49, 96], [33, 69], [47, 52], [12, 80], [26, 2], [19, 35], [26, 93], [8, 20]]",3.6830269799867796,3519.354690551758,1.0177704155697677e-06
"[[50, 49], [49, 5], [49, 96], [33, 69], [47, 52], [12, 80], [26, 2], [19, 35], [26, 94], [8, 20]]",3.68677355894203,3533.7894525527954,9.668818947912793e-07
"[[50, 49], [49, 5], [49, 96], [33, 69], [47, 52], [12, 80], [26, 2], [19, 35], [25, 94], [8, 20]]",3.6899258795016365,3548.204827308655,9.185378000517153e-07
"[[50, 49], [49, 5], [49, 96], [33, 69], [47, 52], [12, 80], [26, 2], [19, 35], [25, 95], [8, 20]]",3.693900376997825,3562.5999097824097,8.726109100491295e-07
"[[50, 49], [49, 5], [49, 96], [33, 69], [47, 52], [12, 80], [26, 2], [19, 35], [24, 95], [8, 20]]",3.6976319531148913,3577.0209403038025,8.28980364546673e-07
"[[50, 49], [49, 5], [49, 96], [33, 69], [47, 52], [12, 80], [26, 2], [19, 35], [24, 96], [8, 20]]",3.702211895486638,3591.43657207489,7.875313463193393e-07
"[[50, 49], [49, 5], [49, 96], [33, 69], [47, 52], [11, 80], [26, 2], [19, 35], [24, 96], [8, 20]]",3.70406071376137,3605.8048481941223,7.481547790033723e-07
"[[50, 49], [49, 5], [49, 95], [33, 69], [47, 52], [11, 80], [26, 2], [19, 35], [24, 96], [8, 20]]",3.7055258093621264,3620.1720910072327,7.107470400532036e-07
"[[50, 49], [49, 5], [49, 95], [33, 69], [47, 52], [11, 80], [26, 2], [19, 35], [24, 97], [8, 20]]",3.7049569718837096,3634.587422609329,6.752096880505434e-07
"[[50, 49], [49, 5], [49, 95], [33, 69], [47, 52], [11, 80], [26, 2], [19, 35], [23, 97], [8, 20]]",3.713656154930831,3648.948846578598,6.414492036480162e-07
"[[50, 49], [49, 5], [49, 95], [33, 69], [47, 52], [11, 80], [26, 2], [18, 35], [23, 97], [8, 20]]",3.7127093948230083,3663.4346425533295,6.093767434656153e-07
"[[50, 49], [49, 5], [49, 95], [33, 69], [47, 52], [11, 80], [26, 2], [19, 35], [23, 97], [8, 20]]",3.713656154930831,3677.844662427902,5.789079062923345e-07
"[[50, 49], [49, 5], [49, 95], [33, 69], [47, 52], [11, 80], [26, 2], [18, 35], [23, 97], [8, 20]]",3.7127093948230083,3692.265683412552,5.499625109777178e-07
"[[50, 49], [49, 5], [49, 95], [33, 69], [47, 52], [11, 80], [26, 2], [19, 35], [23, 97], [8, 20]]",3.713656154930831,3706.666063785553,5.224643854288319e-07
"[[50, 49], [49, 5], [49, 95], [33, 69], [47, 52], [11, 80], [26, 2], [18, 35], [23, 97], [8, 20]]",3.7127093948230083,3721.1247408390045,4.963411661573902e-07
"[[50, 49], [49, 5], [49, 95], [33, 69], [47, 52], [11, 80], [26, 2], [19, 35], [23, 97], [8, 20]]",3.713656154930831,3735.503997325897,4.715241078495207e-07
"[[50, 49], [49, 5], [49, 95], [33, 69], [47, 52], [11, 80], [26, 2], [18, 35], [23, 97], [8, 20]]",3.7127093948230083,3750.0681445598602,4.4794790245704463e-07
"[[50, 49], [49, 5], [49, 95], [33, 69], [47, 52], [11, 80], [26, 2], [19, 35], [23, 97], [8, 20]]",3.713656154930831,3764.460735321045,4.255505073341924e-07
"[[50, 49], [49, 5], [49, 95], [33, 69], [47, 52], [11, 80], [26, 2], [18, 35], [23, 97], [8, 20]]",3.7127093948230083,3778.826448202133,4.0427298196748275e-07
"[[50, 49], [49, 5], [49, 95], [33, 69], [47, 52], [11, 80], [26, 2], [19, 35], [23, 97], [8, 20]]",3.713656154930831,3793.241952419281,3.840593328691086e-07
"[[50, 49], [49, 5], [49, 95], [33, 69], [47, 52], [11, 80], [26, 2], [18, 35], [23, 97], [8, 20]]",3.7127093948230083,3807.679097175598,3.648563662256532e-07
"[[50, 49], [49, 5], [49, 95], [33, 69], [47, 52], [11, 80], [26, 2], [19, 35], [23, 97], [8, 20]]",3.713656154930831,3822.158876657486,3.466135479143705e-07
"[[50, 49], [49, 5], [49, 95], [33, 69], [47, 52], [11, 80], [26, 2], [18, 35], [23, 97], [8, 20]]",3.7127093948230083,3836.582410097122,3.2928287051865196e-07
"[[50, 49], [49, 5], [49, 95], [33, 69], [47, 52], [11, 80], [26, 2], [19, 35], [23, 97], [8, 20]]",3.713656154930831,3850.956651210785,3.1281872699271933e-07
"[[50, 49], [49, 5], [49, 95], [33, 69], [47, 52], [11, 80], [26, 2], [18, 35], [23, 97], [8, 20]]",3.7127093948230083,3865.346025466919,2.9717779064308334e-07
"[[50, 49], [49, 5], [49, 95], [33, 69], [47, 52], [11, 80], [26, 2], [19, 35], [23, 97], [8, 20]]",3.713656154930831,3879.764977455139,2.8231890111092917e-07
"[[50, 49], [49, 5], [49, 95], [33, 69], [47, 52], [11, 80], [26, 2], [18, 35], [23, 97], [8, 20]]",3.7127093948230083,3894.1560084819794,2.682029560553827e-07
"[[50, 49], [49, 5], [49, 95], [33, 69], [47, 52], [11, 80], [26, 2], [19, 35], [23, 97], [8, 20]]",3.713656154930831,3908.519521713257,2.5479280825261354e-07
"[[50, 49], [49, 5], [49, 95], [33, 69], [47, 52], [11, 80], [26, 2], [18, 35], [23, 97], [8, 20]]",3.7127093948230083,3922.9280693531036,2.4205316783998285e-07
"[[50, 49], [49, 5], [49, 95], [33, 69], [47, 52], [11, 80], [26, 2], [19, 35], [23, 97], [8, 20]]",3.713656154930831,3937.33362364769,2.299505094479837e-07
"[[50, 49], [49, 5], [49, 95], [33, 69], [47, 52], [11, 80], [26, 2], [18, 35], [23, 97], [8, 20]]",3.7127093948230083,3951.748566389084,2.1845298397558449e-07
"[[50, 49], [49, 5], [49, 95], [33, 69], [47, 52], [11, 80], [26, 2], [19, 35], [23, 97], [8, 20]]",3.713656154930831,3966.1979768276215,2.0753033477680526e-07
"[[50, 49], [49, 5], [49, 95], [33, 69], [47, 52], [11, 80], [26, 2], [18, 35], [23, 97], [8, 20]]",3.7127093948230083,3980.673653125763,1.97153818037965e-07
"[[50, 49], [49, 5], [49, 95], [33, 69], [47, 52], [11, 80], [26, 2], [19, 35], [23, 97], [8, 20]]",3.713656154930831,3995.0887925624847,1.8729612713606673e-07
"[[50, 49], [49, 5], [49, 95], [33, 69], [47, 52], [11, 80], [26, 2], [18, 35], [23, 97], [8, 20]]",3.7127093948230083,4009.538110256195,1.7793132077926338e-07
"[[50, 49], [49, 5], [49, 95], [33, 69], [47, 52], [11, 80], [26, 2], [19, 35], [23, 97], [8, 20]]",3.713656154930831,4024.016636133194,1.690347547403002e-07
"[[50, 49], [49, 5], [49, 95], [33, 69], [47, 52], [11, 80], [26, 2], [18, 35], [23, 97], [8, 20]]",3.7127093948230083,4038.4773824214935,1.6058301700328518e-07
"[[50, 49], [49, 5], [49, 95], [33, 69], [47, 52], [11, 80], [26, 2], [19, 35], [23, 97], [8, 20]]",3.713656154930831,4052.8691132068634,1.5255386615312092e-07
"[[50, 49], [49, 5], [49, 95], [33, 69], [47, 52], [11, 80], [26, 2], [18, 35], [23, 97], [8, 20]]",3.7127093948230083,4067.2474629879,1.4492617284546488e-07
"[[50, 49], [49, 5], [49, 95], [33, 69], [47, 52], [11, 80], [26, 2], [19, 35], [23, 97], [8, 20]]",3.713656154930831,4081.6179745197296,1.3767986420319162e-07
"[[50, 49], [49, 5], [49, 95], [33, 69], [47, 52], [11, 80], [26, 2], [18, 35], [23, 97], [8, 20]]",3.7127093948230083,4096.036076545715,1.3079587099303203e-07
"[[50, 49], [49, 5], [49, 95], [33, 69], [47, 52], [11, 80], [26, 2], [19, 35], [23, 97], [8, 20]]",3.713656154930831,4110.49022769928,1.2425607744338041e-07
"[[50, 49], [49, 5], [49, 95], [33, 69], [47, 52], [11, 80], [26, 2], [18, 35], [23, 97], [8, 20]]",3.7127093948230083,4124.881048202515,1.1804327357121139e-07
"[[50, 49], [49, 5], [49, 95], [33, 69], [47, 52], [11, 80], [26, 2], [19, 35], [23, 97], [8, 20]]",3.713656154930831,4139.332283735275,1.1214110989265082e-07
"[[50, 49], [49, 5], [49, 95], [33, 69], [47, 52], [11, 80], [26, 2], [18, 35], [23, 97], [8, 20]]",3.7127093948230083,4153.733592271805,1.0653405439801827e-07
"[[50, 49], [49, 5], [49, 95], [33, 69], [47, 52], [11, 80], [26, 2], [19, 35], [23, 97], [8, 20]]",3.713656154930831,4168.164642572403,1.0120735167811735e-07
"[[50, 49], [49, 5], [49, 95], [33, 69], [47, 52], [11, 80], [26, 2], [18, 35], [23, 97], [8, 20]]",3.7127093948230083,4182.553853750229,9.614698409421148e-08
"[[50, 49], [49, 5], [49, 95], [33, 69], [47, 52], [11, 80], [26, 2], [19, 35], [23, 97], [8, 20]]",3.713656154930831,4197.070269823074,9.133963488950091e-08
"[[50, 49], [49, 5], [49, 95], [33, 69], [47, 52], [11, 80], [26, 2], [18, 35], [23, 97], [8, 20]]",3.7127093948230083,4211.56248831749,8.677265314502586e-08
"[[50, 49], [49, 5], [49, 95], [33, 69], [47, 52], [11, 80], [26, 2], [19, 35], [23, 97], [8, 20]]",3.713656154930831,4225.975425958633,8.243402048777457e-08
"[[50, 49], [49, 5], [49, 95], [33, 69], [47, 52], [11, 80], [26, 2], [18, 35], [23, 97], [8, 20]]",3.7127093948230083,4240.422527313232,7.831231946338584e-08
"[[50, 49], [49, 5], [49, 95], [33, 69], [47, 52], [11, 80], [26, 2], [19, 35], [23, 97], [8, 20]]",3.713656154930831,4254.803511381149,7.439670349021654e-08
"[[50, 49], [49, 5], [49, 95], [33, 69], [47, 52], [11, 80], [26, 2], [18, 35], [23, 97], [8, 20]]",3.7127093948230083,4269.187286615372,7.067686831570571e-08
"[[50, 49], [49, 5], [49, 95], [33, 69], [47, 52], [11, 80], [26, 2], [19, 35], [23, 97], [8, 20]]",3.713656154930831,4283.582084178925,6.714302489992043e-08
"[[50, 49], [49, 5], [49, 95], [33, 69], [47, 52], [11, 80], [26, 2], [18, 35], [23, 97], [8, 20]]",3.7127093948230083,4298.000307559967,6.378587365492441e-08
"[[50, 49], [49, 5], [49, 95], [33, 69], [47, 52], [11, 80], [26, 2], [19, 35], [23, 97], [8, 20]]",3.713656154930831,4312.537747859955,6.059657997217818e-08
"[[50, 49], [49, 5], [49, 95], [33, 69], [47, 52], [11, 80], [26, 2], [18, 35], [23, 97], [8, 20]]",3.7127093948230083,4326.980576992035,5.756675097356927e-08
"[[50, 49], [49, 5], [49, 95], [33, 69], [47, 52], [11, 80], [26, 2], [19, 35], [23, 97], [8, 20]]",3.713656154930831,4341.478162288666,5.46884134248908e-08
"[[50, 49], [49, 5], [49, 95], [33, 69], [47, 52], [11, 80], [26, 2], [18, 35], [23, 97], [8, 20]]",3.7127093948230083,4355.849986553192,5.1953992753646255e-08
"[[50, 49], [49, 5], [49, 95], [33, 69], [47, 52], [11, 80], [26, 2], [19, 35], [23, 97], [8, 20]]",3.713656154930831,4370.309650182724,4.935629311596394e-08
"[[50, 49], [49, 5], [49, 95], [33, 69], [47, 52], [11, 80], [26, 2], [18, 35], [23, 97], [8, 20]]",3.7127093948230083,4384.738934278488,4.688847846016574e-08
"[[50, 49], [49, 5], [49, 95], [33, 69], [47, 52], [11, 80], [26, 2], [19, 35], [23, 97], [8, 20]]",3.713656154930831,4399.135073184967,4.454405453715745e-08
"[[50, 49], [49, 5], [49, 95], [33, 69], [47, 52], [11, 80], [26, 2], [18, 35], [23, 97], [8, 20]]",3.7127093948230083,4413.521468639374,4.231685181029957e-08
"[[50, 49], [49, 5], [49, 95], [33, 69], [47, 52], [11, 80], [26, 2], [19, 35], [23, 97], [8, 20]]",3.713656154930831,4427.879804134369,4.020100921978459e-08
"[[50, 49], [49, 5], [49, 95], [33, 69], [47, 52], [11, 80], [26, 2], [18, 35], [23, 97], [8, 20]]",3.7127093948230083,4442.276615381241,3.819095875879536e-08
"[[50, 49], [49, 5], [49, 95], [33, 69], [47, 52], [11, 80], [26, 2], [19, 35], [23, 97], [8, 20]]",3.713656154930831,4456.6582317352295,3.628141082085559e-08
"[[50, 49], [49, 5], [49, 95], [33, 69], [47, 52], [11, 80], [26, 2], [18, 35], [23, 97], [8, 20]]",3.7127093948230083,4471.076610803604,3.446734027981281e-08
"[[50, 49], [49, 5], [49, 95], [33, 69], [47, 52], [11, 80], [26, 2], [19, 35], [23, 97], [8, 20]]",3.713656154930831,4485.468734264374,3.2743973265822166e-08
"[[50, 49], [49, 5], [49, 95], [33, 69], [47, 52], [11, 80], [26, 2], [18, 35], [23, 97], [8, 20]]",3.7127093948230083,4499.851138114929,3.110677460253105e-08
"[[50, 49], [49, 5], [49, 95], [33, 69], [47, 52], [11, 80], [26, 2], [19, 35], [23, 97], [8, 20]]",3.713656154930831,4514.247868537903,2.95514358724045e-08
"[[50, 49], [49, 5], [49, 95], [33, 69], [47, 52], [11, 80], [26, 2], [18, 35], [23, 97], [8, 20]]",3.7127093948230083,4528.6481902599335,2.8073864078784275e-08
"[[50, 49], [49, 5], [49, 95], [33, 69], [47, 52], [11, 80], [26, 2], [19, 35], [23, 97], [8, 20]]",3.713656154930831,4543.045817375183,2.667017087484506e-08
"[[50, 49], [49, 5], [49, 95], [33, 69], [47, 52], [11, 80], [26, 2], [18, 35], [23, 97], [8, 20]]",3.7127093948230083,4557.4115669727325,2.5336662331102805e-08
"[[50, 49], [49, 5], [49, 95], [33, 69], [47, 52], [11, 80], [26, 2], [19, 35], [23, 97], [8, 20]]",3.713656154930831,4571.849712848663,2.4069829214547663e-08
"[[50, 49], [49, 5], [49, 95], [33, 69], [47, 52], [11, 80], [26, 2], [18, 35], [23, 97], [8, 20]]",3.7127093948230083,4586.254849433899,2.286633775382028e-08
"[[50, 49], [49, 5], [49, 95], [33, 69], [47, 52], [11, 80], [26, 2], [19, 35], [23, 97], [8, 20]]",3.713656154930831,4600.6732172966,2.1723020866129264e-08
"[[50, 49], [49, 5], [49, 95], [33, 69], [47, 52], [11, 80], [26, 2], [18, 35], [23, 97], [8, 20]]",3.7127093948230083,4615.115635871887,2.06368698228228e-08
"[[50, 49], [49, 5], [49, 95], [33, 69], [47, 52], [11, 80], [26, 2], [19, 35], [23, 97], [8, 20]]",3.713656154930831,4629.613522529602,1.960502633168166e-08
"[[50, 49], [49, 5], [49, 95], [33, 69], [47, 52], [11, 80], [26, 2], [18, 35], [23, 97], [8, 20]]",3.7127093948230083,4644.108617067337,1.8624775015097576e-08
"[[50, 49], [49, 5], [49, 95], [33, 69], [47, 52], [11, 80], [26, 2], [19, 35], [23, 97], [8, 20]]",3.713656154930831,4658.532663106918,1.7693536264342694e-08
"[[50, 49], [49, 5], [49, 95], [33, 69], [47, 52], [11, 80], [26, 2], [18, 35], [23, 97], [8, 20]]",3.7127093948230083,4672.943421602249,1.680885945112556e-08
"[[50, 49], [49, 5], [49, 95], [33, 69], [47, 52], [11, 80], [26, 2], [19, 35], [23, 97], [8, 20]]",3.713656154930831,4687.294065952301,1.596841647856928e-08
"[[50, 49], [49, 5], [49, 95], [33, 69], [47, 52], [11, 80], [26, 2], [18, 35], [23, 97], [8, 20]]",3.7127093948230083,4701.656466960907,1.5169995654640813e-08
"[[50, 49], [49, 5], [49, 95], [33, 69], [47, 52], [11, 80], [26, 2], [19, 35], [23, 97], [8, 20]]",3.713656154930831,4716.067558765411,1.4411495871908771e-08
"[[50, 49], [49, 5], [49, 95], [33, 69], [47, 52], [11, 80], [26, 2], [18, 35], [23, 97], [8, 20]]",3.7127093948230083,4730.4929275512695,1.3690921078313332e-08
"[[50, 49], [49, 5], [49, 95], [33, 69], [47, 52], [11, 80], [26, 2], [19, 35], [23, 97], [8, 20]]",3.713656154930831,4744.9392120838165,1.3006375024397665e-08
"[[50, 49], [49, 5], [49, 95], [33, 69], [47, 52], [11, 80], [26, 2], [18, 35], [23, 97], [8, 20]]",3.7127093948230083,4759.369993686676,1.2356056273177782e-08
"[[50, 49], [49, 5], [49, 95], [33, 69], [47, 52], [11, 80], [26, 2], [19, 35], [23, 97], [8, 20]]",3.713656154930831,4773.80385184288,1.1738253459518891e-08
"[[50, 49], [49, 5], [49, 95], [33, 69], [47, 52], [11, 80], [26, 2], [18, 35], [23, 97], [8, 20]]",3.7127093948230083,4788.248690843582,1.1151340786542946e-08
"[[50, 49], [49, 5], [49, 95], [33, 69], [47, 52], [11, 80], [26, 2], [19, 35], [23, 97], [8, 20]]",3.713656154930831,4802.651712179184,1.0593773747215798e-08
"[[50, 49], [49, 5], [49, 95], [33, 69], [47, 52], [11, 80], [26, 2], [18, 35], [23, 97], [8, 20]]",3.7127093948230083,4817.051113843918,1.0064085059855008e-08
"[[50, 49], [49, 5], [49, 95], [33, 69], [47, 52], [11, 80], [26, 2], [19, 35], [23, 97], [8, 20]]",3.713656154930831,4831.4763879776,9.560880806862258e-09
"[[50, 49], [49, 5], [49, 95], [33, 69], [47, 52], [11, 80], [26, 2], [18, 35], [23, 97], [8, 20]]",3.7127093948230083,4845.937196493149,9.082836766519144e-09
"[[50, 49], [49, 5], [49, 95], [33, 69], [47, 52], [11, 80], [26, 2], [19, 35], [23, 97], [8, 20]]",3.713656154930831,4860.473604679108,8.628694928193187e-09
"[[50, 49], [49, 5], [49, 95], [33, 69], [47, 52], [11, 80], [26, 2], [18, 35], [23, 97], [8, 20]]",3.7127093948230083,4874.847729444504,8.197260181783527e-09
"[[50, 49], [49, 5], [49, 95], [33, 69], [47, 52], [11, 80], [26, 2], [19, 35], [23, 97], [8, 20]]",3.713656154930831,4889.251150369644,7.787397172694349e-09
"[[50, 49], [49, 5], [49, 95], [33, 69], [47, 52], [11, 80], [26, 2], [18, 35], [23, 97], [8, 20]]",3.7127093948230083,4903.771376848221,7.398027314059631e-09
"[[50, 49], [49, 5], [49, 95], [33, 69], [47, 52], [11, 80], [26, 2], [19, 35], [23, 97], [8, 20]]",3.713656154930831,4918.246116399765,7.028125948356649e-09
"[[50, 49], [49, 5], [49, 95], [33, 69], [47, 52], [11, 80], [26, 2], [18, 35], [23, 97], [8, 20]]",3.7127093948230083,4932.726432085037,6.676719650938816e-09
"[[50, 49], [49, 5], [49, 95], [33, 69], [47, 52], [11, 80], [26, 2], [19, 35], [23, 97], [8, 20]]",3.713656154930831,4947.290905952454,6.342883668391875e-09
"[[50, 49], [49, 5], [49, 95], [33, 69], [47, 52], [11, 80], [26, 2], [18, 35], [23, 97], [8, 20]]",3.7127093948230083,4961.680218219757,6.025739484972281e-09
"[[50, 49], [49, 5], [49, 95], [33, 69], [47, 52], [11, 80], [26, 2], [19, 35], [23, 97], [8, 20]]",3.713656154930831,4976.106622219086,5.724452510723666e-09
"[[50, 49], [49, 5], [49, 95], [33, 69], [47, 52], [11, 80], [26, 2], [18, 35], [23, 97], [8, 20]]",3.7127093948230083,4990.660519599915,5.4382298851874825e-09
"[[50, 49], [49, 5], [49, 95], [33, 69], [47, 52], [11, 80], [26, 2], [19, 35], [23, 97], [8, 20]]",3.713656154930831,5005.104738950729,5.166318390928108e-09
"[[50, 49], [49, 5], [49, 95], [33, 69], [47, 52], [11, 80], [26, 2], [18, 35], [23, 97], [8, 20]]",3.7127093948230083,5019.553969621658,4.908002471381702e-09
"[[50, 49], [49, 5], [49, 95], [33, 69], [47, 52], [11, 80], [26, 2], [19, 35], [23, 97], [8, 20]]",3.713656154930831,5034.000289916992,4.662602347812617e-09
"[[50, 49], [49, 5], [49, 95], [33, 69], [47, 52], [11, 80], [26, 2], [18, 35], [23, 97], [8, 20]]",3.7127093948230083,5048.5460250377655,4.429472230421986e-09
"[[50, 49], [49, 5], [49, 95], [33, 69], [47, 52], [11, 80], [26, 2], [19, 35], [23, 97], [8, 20]]",3.713656154930831,5063.020908355713,4.207998618900887e-09
"[[50, 49], [49, 5], [49, 95], [33, 69], [47, 52], [11, 80], [26, 2], [18, 35], [23, 97], [8, 20]]",3.7127093948230083,5077.450409889221,3.997598687955842e-09
"[[50, 49], [49, 5], [49, 95], [33, 69], [47, 52], [11, 80], [26, 2], [19, 35], [23, 97], [8, 20]]",3.713656154930831,5091.839792728424,3.79771875355805e-09
"[[50, 49], [49, 5], [49, 95], [33, 69], [47, 52], [11, 80], [26, 2], [18, 35], [23, 97], [8, 20]]",3.7127093948230083,5106.237140893936,3.6078328158801476e-09
"[[50, 49], [49, 5], [49, 95], [33, 69], [47, 52], [11, 80], [26, 2], [19, 35], [23, 97], [8, 20]]",3.713656154930831,5120.655031442642,3.42744117508614e-09
"[[50, 49], [49, 5], [49, 95], [33, 69], [47, 52], [11, 80], [26, 2], [18, 35], [23, 97], [8, 20]]",3.7127093948230083,5135.02934217453,3.256069116331833e-09
"[[50, 49], [49, 5], [49, 95], [33, 69], [47, 52], [11, 80], [26, 2], [19, 35], [23, 97], [8, 20]]",3.713656154930831,5149.389164209366,3.093265660515241e-09
"[[50, 49], [49, 5], [49, 95], [33, 69], [47, 52], [11, 80], [26, 2], [18, 35], [23, 97], [8, 20]]",3.7127093948230083,5163.781520605087,2.9386023774894787e-09
"[[50, 49], [49, 5], [49, 95], [33, 69], [47, 52], [11, 80], [26, 2], [19, 35], [23, 97], [8, 20]]",3.713656154930831,5178.2283046245575,2.7916722586150046e-09
"[[50, 49], [49, 5], [49, 95], [33, 69], [47, 52], [11, 80], [26, 2], [18, 35], [23, 97], [8, 20]]",3.7127093948230083,5192.812795877457,2.6520886456842543e-09
"[[50, 49], [49, 5], [49, 95], [33, 69], [47, 52], [11, 80], [26, 2], [19, 35], [23, 97], [8, 20]]",3.713656154930831,5207.228337049484,2.5194842134000415e-09
"[[50, 49], [49, 5], [49, 95], [33, 69], [47, 52], [11, 80], [26, 2], [18, 35], [23, 97], [8, 20]]",3.7127093948230083,5221.627836704254,2.3935100027300392e-09
"[[50, 49], [49, 5], [49, 95], [33, 69], [47, 52], [11, 80], [26, 2], [19, 35], [23, 97], [8, 20]]",3.713656154930831,5236.048841714859,2.273834502593537e-09
"[[50, 49], [49, 5], [49, 95], [33, 69], [47, 52], [11, 80], [26, 2], [18, 35], [23, 97], [8, 20]]",3.7127093948230083,5250.493245601654,2.16014277746386e-09
"[[50, 49], [49, 5], [49, 95], [33, 69], [47, 52], [11, 80], [26, 2], [19, 35], [23, 97], [8, 20]]",3.713656154930831,5264.9627475738525,2.052135638590667e-09
"[[50, 49], [49, 5], [49, 95], [33, 69], [47, 52], [11, 80], [26, 2], [18, 35], [23, 97], [8, 20]]",3.7127093948230083,5279.380041599274,1.9495288566611337e-09
"[[50, 49], [49, 5], [49, 95], [33, 69], [47, 52], [11, 80], [26, 2], [19, 35], [23, 97], [8, 20]]",3.713656154930831,5293.782002449036,1.852052413828077e-09
"[[50, 49], [49, 5], [49, 95], [33, 69], [47, 52], [11, 80], [26, 2], [18, 35], [23, 97], [8, 20]]",3.7127093948230083,5308.237393140793,1.759449793136673e-09
"[[50, 49], [49, 5], [49, 95], [33, 69], [47, 52], [11, 80], [26, 2], [19, 35], [23, 97], [8, 20]]",3.713656154930831,5322.6730082035065,1.6714773034798393e-09
"[[50, 49], [49, 5], [49, 95], [33, 69], [47, 52], [11, 80], [26, 2], [18, 35], [23, 97], [8, 20]]",3.7127093948230083,5337.104049682617,1.5879034383058473e-09
"[[50, 49], [49, 5], [49, 95], [33, 69], [47, 52], [11, 80], [26, 2], [19, 35], [23, 97], [8, 20]]",3.713656154930831,5351.496389627457,1.508508266390555e-09
"[[50, 49], [49, 5], [49, 95], [33, 69], [47, 52], [11, 80], [26, 2], [18, 35], [23, 97], [8, 20]]",3.7127093948230083,5365.888346672058,1.4330828530710272e-09
"[[50, 49], [49, 5], [49, 95], [33, 69], [47, 52], [11, 80], [26, 2], [19, 35], [23, 97], [8, 20]]",3.713656154930831,5380.266255617142,1.3614287104174757e-09
"[[50, 49], [49, 5], [49, 95], [33, 69], [47, 52], [11, 80], [26, 2], [18, 35], [23, 97], [8, 20]]",3.7127093948230083,5394.711550712585,1.293357274896602e-09
"[[50, 49], [49, 5], [49, 95], [33, 69], [47, 52], [11, 80], [26, 2], [19, 35], [23, 97], [8, 20]]",3.713656154930831,5409.09050154686,1.2286894111517717e-09
"[[50, 49], [49, 5], [49, 95], [33, 69], [47, 52], [11, 80], [26, 2], [18, 35], [23, 97], [8, 20]]",3.7127093948230083,5423.499436855316,1.167254940594183e-09
"[[50, 49], [49, 5], [49, 95], [33, 69], [47, 52], [11, 80], [26, 2], [19, 35], [23, 97], [8, 20]]",3.713656154930831,5437.902796030045,1.1088921935644738e-09
"[[50, 49], [49, 5], [49, 95], [33, 69], [47, 52], [11, 80], [26, 2], [18, 35], [23, 97], [8, 20]]",3.7127093948230083,5452.304409265518,1.0534475838862501e-09
"[[50, 49], [49, 5], [49, 95], [33, 69], [47, 52], [11, 80], [26, 2], [19, 35], [23, 97], [8, 20]]",3.713656154930831,5466.786482810974,1.0007752046919376e-09
"[[50, 49], [49, 5], [49, 95], [33, 69], [47, 52], [11, 80], [26, 2], [18, 35], [23, 97], [8, 20]]",3.7127093948230083,5481.206721067429,9.507364444573407e-10
"[[50, 49], [49, 5], [49, 95], [33, 69], [47, 52], [11, 80], [26, 2], [19, 35], [23, 97], [8, 20]]",3.713656154930831,5495.616778373718,9.031996222344736e-10
"[[50, 49], [49, 5], [49, 95], [33, 69], [47, 52], [11, 80], [26, 2], [18, 35], [23, 97], [8, 20]]",3.7127093948230083,5510.034291982651,8.580396411227499e-10
"[[50, 49], [49, 5], [49, 95], [33, 69], [47, 52], [11, 80], [26, 2], [19, 35], [23, 97], [8, 20]]",3.713656154930831,5524.477919101715,8.151376590666125e-10
"[[50, 49], [49, 5], [49, 95], [33, 69], [47, 52], [11, 80], [26, 2], [18, 35], [23, 97], [8, 20]]",3.7127093948230083,5538.918716907501,7.743807761132818e-10
"[[50, 49], [49, 5], [49, 95], [33, 69], [47, 52], [11, 80], [26, 2], [19, 35], [23, 97], [8, 20]]",3.713656154930831,5553.3250114917755,7.356617373076177e-10
"[[50, 49], [49, 5], [49, 95], [33, 69], [47, 52], [11, 80], [26, 2], [18, 35], [23, 97], [8, 20]]",3.7127093948230083,5567.691783666611,6.988786504422368e-10
"[[50, 49], [49, 5], [49, 95], [33, 69], [47, 52], [11, 80], [26, 2], [19, 35], [23, 97], [8, 20]]",3.713656154930831,5582.0900156497955,6.639347179201249e-10
"[[50, 49], [49, 5], [49, 95], [33, 69], [47, 52], [11, 80], [26, 2], [18, 35], [23, 97], [8, 20]]",3.7127093948230083,5596.453061580658,6.307379820241186e-10
"[[50, 49], [49, 5], [49, 95], [33, 69], [47, 52], [11, 80], [26, 2], [19, 35], [23, 97], [8, 20]]",3.713656154930831,5610.864741802216,5.992010829229127e-10
"[[50, 49], [49, 5], [49, 95], [33, 69], [47, 52], [11, 80], [26, 2], [18, 35], [23, 97], [8, 20]]",3.7127093948230083,5625.263965845108,5.69241028776767e-10
"[[50, 49], [49, 5], [49, 95], [33, 69], [47, 52], [11, 80], [26, 2], [19, 35], [23, 97], [8, 20]]",3.713656154930831,5639.677538633347,5.407789773379287e-10
"[[50, 49], [49, 5], [49, 95], [33, 69], [47, 52], [11, 80], [26, 2], [18, 35], [23, 97], [8, 20]]",3.7127093948230083,5654.1787304878235,5.137400284710322e-10
"[[50, 49], [49, 5], [49, 95], [33, 69], [47, 52], [11, 80], [26, 2], [19, 35], [23, 97], [8, 20]]",3.713656154930831,5668.596108675003,4.880530270474806e-10
"[[50, 49], [49, 5], [49, 95], [33, 69], [47, 52], [11, 80], [26, 2], [18, 35], [23, 97], [8, 20]]",3.7127093948230083,5683.097003698349,4.6365037569510656e-10
"[[50, 49], [49, 5], [49, 95], [33, 69], [47, 52], [11, 80], [26, 2], [19, 35], [23, 97], [8, 20]]",3.713656154930831,5697.459208250046,4.4046785691035123e-10
"[[50, 49], [49, 5], [49, 95], [33, 69], [47, 52], [11, 80], [26, 2], [18, 35], [23, 97], [8, 20]]",3.7127093948230083,5711.8619639873505,4.1844446406483364e-10
"[[50, 49], [49, 5], [49, 95], [33, 69], [47, 52], [11, 80], [26, 2], [19, 35], [23, 97], [8, 20]]",3.713656154930831,5726.23903632164,3.9752224086159194e-10
"[[50, 49], [49, 5], [49, 95], [33, 69], [47, 52], [11, 80], [26, 2], [18, 35], [23, 97], [8, 20]]",3.7127093948230083,5740.668925523758,3.776461288185123e-10
"[[50, 49], [49, 5], [49, 95], [33, 69], [47, 52], [11, 80], [26, 2], [19, 35], [23, 97], [8, 20]]",3.713656154930831,5755.0423901081085,3.5876382237758666e-10
"[[50, 49], [49, 5], [49, 95], [33, 69], [47, 52], [11, 80], [26, 2], [18, 35], [23, 97], [8, 20]]",3.7127093948230083,5769.39884519577,3.408256312587073e-10
"[[50, 49], [49, 5], [49, 95], [33, 69], [47, 52], [11, 80], [26, 2], [19, 35], [23, 97], [8, 20]]",3.713656154930831,5783.795735359192,3.2378434969577195e-10
"[[50, 49], [49, 5], [49, 95], [33, 69], [47, 52], [11, 80], [26, 2], [18, 35], [23, 97], [8, 20]]",3.7127093948230083,5798.246207714081,3.0759513221098333e-10
"[[50, 49], [49, 5], [49, 95], [33, 69], [47, 52], [11, 80], [26, 2], [19, 35], [23, 97], [8, 20]]",3.713656154930831,5812.704661607742,2.9221537560043415e-10
"[[50, 49], [49, 5], [49, 95], [33, 69], [47, 52], [11, 80], [26, 2], [18, 35], [23, 97], [8, 20]]",3.7127093948230083,5827.126169681549,2.776046068204124e-10
"[[50, 49], [49, 5], [49, 95], [33, 69], [47, 52], [11, 80], [26, 2], [19, 35], [23, 97], [8, 20]]",3.713656154930831,5841.511177539825,2.637243764793918e-10
"[[50, 49], [49, 5], [49, 95], [33, 69], [47, 52], [11, 80], [26, 2], [18, 35], [23, 97], [8, 20]]",3.7127093948230083,5855.922041654587,2.505381576554222e-10
"[[50, 49], [49, 5], [49, 95], [33, 69], [47, 52], [11, 80], [26, 2], [19, 35], [23, 97], [8, 20]]",3.713656154930831,5870.456535100937,2.3801124977265104e-10
"[[50, 49], [49, 5], [49, 95], [33, 69], [47, 52], [11, 80], [26, 2], [18, 35], [23, 97], [8, 20]]",3.7127093948230083,5884.930893659592,2.2611068728401848e-10
"[[50, 49], [49, 5], [49, 95], [33, 69], [47, 52], [11, 80], [26, 2], [19, 35], [23, 97], [8, 20]]",3.713656154930831,5899.391018152237,2.1480515291981755e-10
"[[50, 49], [49, 5], [49, 95], [33, 69], [47, 52], [11, 80], [26, 2], [18, 35], [23, 97], [8, 20]]",3.7127093948230083,5913.8494482040405,2.0406489527382667e-10
"[[50, 49], [49, 5], [49, 95], [33, 69], [47, 52], [11, 80], [26, 2], [19, 35], [23, 97], [8, 20]]",3.713656154930831,5928.311911582947,1.9386165051013534e-10
"[[50, 49], [49, 5], [49, 95], [33, 69], [47, 52], [11, 80], [26, 2], [18, 35], [23, 97], [8, 20]]",3.7127093948230083,5942.76048207283,1.8416856798462855e-10
"[[50, 49], [49, 5], [49, 95], [33, 69], [47, 52], [11, 80], [26, 2], [19, 35], [23, 97], [8, 20]]",3.713656154930831,5957.216677427292,1.749601395853971e-10
"[[50, 49], [49, 5], [49, 95], [33, 69], [47, 52], [11, 80], [26, 2], [18, 35], [23, 97], [8, 20]]",3.7127093948230083,5971.705180883408,1.6621213260612725e-10
"[[50, 49], [49, 5], [49, 95], [33, 69], [47, 52], [11, 80], [26, 2], [19, 35], [23, 97], [8, 20]]",3.713656154930831,5986.250505447388,1.5790152597582087e-10
"[[50, 49], [49, 5], [49, 95], [33, 69], [47, 52], [11, 80], [26, 2], [18, 35], [23, 97], [8, 20]]",3.7127093948230083,6000.642100572586,1.5000644967702982e-10
"[[50, 49], [49, 5], [49, 95], [33, 69], [47, 52], [11, 80], [26, 2], [19, 35], [23, 97], [8, 20]]",3.713656154930831,6015.074932813644,1.4250612719317831e-10
"[[50, 49], [49, 5], [49, 95], [33, 69], [47, 52], [11, 80], [26, 2], [18, 35], [23, 97], [8, 20]]",3.7127093948230083,6029.496246099472,1.3538082083351939e-10
"[[50, 49], [49, 5], [49, 95], [33, 69], [47, 52], [11, 80], [26, 2], [19, 35], [23, 97], [8, 20]]",3.713656154930831,6043.885133981705,1.2861177979184341e-10
"[[50, 49], [49, 5], [49, 95], [33, 69], [47, 52], [11, 80], [26, 2], [18, 35], [23, 97], [8, 20]]",3.7127093948230083,6058.29074549675,1.2218119080225124e-10
"[[50, 49], [49, 5], [49, 95], [33, 69], [47, 52], [11, 80], [26, 2], [19, 35], [23, 97], [8, 20]]",3.713656154930831,6072.751440525055,1.1607213126213867e-10
"[[50, 49], [49, 5], [49, 95], [33, 69], [47, 52], [11, 80], [26, 2], [18, 35], [23, 97], [8, 20]]",3.7127093948230083,6087.204759120941,1.1026852469903174e-10
"[[50, 49], [49, 5], [49, 95], [33, 69], [47, 52], [11, 80], [26, 2], [19, 35], [23, 97], [8, 20]]",3.713656154930831,6101.760859251022,1.0475509846408014e-10
"[[50, 49], [49, 5], [49, 95], [33, 69], [47, 52], [11, 80], [26, 2], [18, 35], [23, 97], [8, 20]]",3.7127093948230083,6116.19989323616,9.951734354087613e-11
"[[50, 49], [49, 5], [49, 95], [33, 69], [47, 52], [11, 80], [26, 2], [19, 35], [23, 97], [8, 20]]",3.713656154930831,6130.596486568451,9.454147636383232e-11
"[[50, 49], [49, 5], [49, 95], [33, 69], [47, 52], [11, 80], [26, 2], [18, 35], [23, 97], [8, 20]]",3.7127093948230083,6145.068520069122,8.98144025456407e-11
"[[50, 49], [49, 5], [49, 95], [33, 69], [47, 52], [11, 80], [26, 2], [19, 35], [23, 97], [8, 20]]",3.713656154930831,6159.569808244705,8.532368241835867e-11
"[[50, 49], [49, 5], [49, 95], [33, 69], [47, 52], [11, 80], [26, 2], [18, 35], [23, 97], [8, 20]]",3.7127093948230083,6173.995284318924,8.105749829744073e-11
"[[50, 49], [49, 5], [49, 95], [33, 69], [47, 52], [11, 80], [26, 2], [19, 35], [23, 97], [8, 20]]",3.713656154930831,6188.371047973633,7.700462338256869e-11
"[[50, 49], [49, 5], [49, 95], [33, 69], [47, 52], [11, 80], [26, 2], [18, 35], [23, 97], [8, 20]]",3.7127093948230083,6202.766024112701,7.315439221344025e-11
"[[50, 49], [49, 5], [49, 95], [33, 69], [47, 52], [11, 80], [26, 2], [19, 35], [23, 97], [8, 20]]",3.713656154930831,6217.200254201889,6.949667260276823e-11
"[[50, 49], [49, 5], [49, 95], [33, 69], [47, 52], [11, 80], [26, 2], [18, 35], [23, 97], [8, 20]]",3.7127093948230083,6231.6571407318115,6.602183897262981e-11
"[[50, 49], [49, 5], [49, 95], [33, 69], [47, 52], [11, 80], [26, 2], [19, 35], [23, 97], [8, 20]]",3.713656154930831,6246.109550952911,6.272074702399832e-11
"[[50, 49], [49, 5], [49, 95], [33, 69], [47, 52], [11, 80], [26, 2], [18, 35], [23, 97], [8, 20]]",3.7127093948230083,6260.553899049759,5.95847096727984e-11
"[[50, 49], [49, 5], [49, 95], [33, 69], [47, 52], [11, 80], [26, 2], [19, 35], [23, 97], [8, 20]]",3.713656154930831,6275.009802103043,5.660547418915848e-11
"[[50, 49], [49, 5], [49, 95], [33, 69], [47, 52], [11, 80], [26, 2], [18, 35], [23, 97], [8, 20]]",3.7127093948230083,6289.467127323151,5.377520047970055e-11
"[[50, 49], [49, 5], [49, 95], [33, 69], [47, 52], [11, 80], [26, 2], [19, 35], [23, 97], [8, 20]]",3.713656154930831,6303.828396081924,5.108644045571552e-11
"[[50, 49], [49, 5], [49, 95], [33, 69], [47, 52], [11, 80], [26, 2], [18, 35], [23, 97], [8, 20]]",3.7127093948230083,6318.186329603195,4.8532118432929744e-11
"[[50, 49], [49, 5], [49, 95], [33, 69], [47, 52], [11, 80], [26, 2], [19, 35], [23, 97], [8, 20]]",3.713656154930831,6332.570924758911,4.6105512511283255e-11
"[[50, 49], [49, 5], [49, 95], [33, 69], [47, 52], [11, 80], [26, 2], [18, 35], [23, 97], [8, 20]]",3.7127093948230083,6346.975633144379,4.380023688571909e-11
"[[50, 49], [49, 5], [49, 95], [33, 69], [47, 52], [11, 80], [26, 2], [19, 35], [23, 97], [8, 20]]",3.713656154930831,6361.441030502319,4.1610225041433134e-11
"[[50, 49], [49, 5], [49, 95], [33, 69], [47, 52], [11, 80], [26, 2], [18, 35], [23, 97], [8, 20]]",3.7127093948230083,6375.85170841217,3.9529713789361476e-11
"[[50, 49], [49, 5], [49, 95], [33, 69], [47, 52], [11, 80], [26, 2], [19, 35], [23, 97], [8, 20]]",3.713656154930831,6390.233969211578,3.75532280998934e-11
"[[50, 49], [49, 5], [49, 95], [33, 69], [47, 52], [11, 80], [26, 2], [18, 35], [23, 97], [8, 20]]",3.7127093948230083,6404.7047963142395,3.567556669489873e-11
"[[50, 49], [49, 5], [49, 95], [33, 69], [47, 52], [11, 80], [26, 2], [19, 35], [23, 97], [8, 20]]",3.713656154930831,6419.12414264679,3.389178836015379e-11
"[[50, 49], [49, 5], [49, 95], [33, 69], [47, 52], [11, 80], [26, 2], [18, 35], [23, 97], [8, 20]]",3.7127093948230083,6433.5556473731995,3.21971989421461e-11
"[[50, 49], [49, 5], [49, 95], [33, 69], [47, 52], [11, 80], [26, 2], [19, 35], [23, 97], [8, 20]]",3.713656154930831,6447.948029756546,3.0587338995038793e-11
"[[50, 49], [49, 5], [49, 95], [33, 69], [47, 52], [11, 80], [26, 2], [18, 35], [23, 97], [8, 20]]",3.7127093948230083,6462.3393812179565,2.9057972045286852e-11
"[[50, 49], [49, 5], [49, 95], [33, 69], [47, 52], [11, 80], [26, 2], [19, 35], [23, 97], [8, 20]]",3.713656154930831,6476.799399137497,2.760507344302251e-11
"[[50, 49], [49, 5], [49, 95], [33, 69], [47, 52], [11, 80], [26, 2], [18, 35], [23, 97], [8, 20]]",3.7127093948230083,6491.241836547852,2.6224819770871382e-11
"[[50, 49], [49, 5], [49, 95], [33, 69], [47, 52], [11, 80], [26, 2], [19, 35], [23, 97], [8, 20]]",3.713656154930831,6505.662065505981,2.4913578782327812e-11
"[[50, 49], [49, 5], [49, 95], [33, 69], [47, 52], [11, 80], [26, 2], [18, 35], [23, 97], [8, 20]]",3.7127093948230083,6520.119693517685,2.366789984321142e-11
"[[50, 49], [49, 5], [49, 95], [33, 69], [47, 52], [11, 80], [26, 2], [19, 35], [23, 97], [8, 20]]",3.713656154930831,6534.5682508945465,2.248450485105085e-11
"[[50, 49], [49, 5], [49, 95], [33, 69], [47, 52], [11, 80], [26, 2], [18, 35], [23, 97], [8, 20]]",3.7127093948230083,6549.003305435181,2.1360279608498306e-11
"[[50, 49], [49, 5], [49, 95], [33, 69], [47, 52], [11, 80], [26, 2], [19, 35], [23, 97], [8, 20]]",3.713656154930831,6563.434807062149,2.029226562807339e-11
"[[50, 49], [49, 5], [49, 95], [33, 69], [47, 52], [11, 80], [26, 2], [18, 35], [23, 97], [8, 20]]",3.7127093948230083,6577.845818996429,1.927765234666972e-11
"[[50, 49], [49, 5], [49, 95], [33, 69], [47, 52], [11, 80], [26, 2], [19, 35], [23, 97], [8, 20]]",3.713656154930831,6592.246022224426,1.8313769729336233e-11
"[[50, 49], [49, 5], [49, 95], [33, 69], [47, 52], [11, 80], [26, 2], [18, 35], [23, 97], [8, 20]]",3.7127093948230083,6606.619406223297,1.739808124286942e-11
"[[50, 49], [49, 5], [49, 95], [33, 69], [47, 52], [11, 80], [26, 2], [19, 35], [23, 97], [8, 20]]",3.713656154930831,6621.029719114304,1.652817718072595e-11
"[[50, 49], [49, 5], [49, 95], [33, 69], [47, 52], [11, 80], [26, 2], [18, 35], [23, 97], [8, 20]]",3.7127093948230083,6635.630697727203,1.5701768321689653e-11
"[[50, 49], [49, 5], [49, 95], [33, 69], [47, 52], [11, 80], [26, 2], [19, 35], [23, 97], [8, 20]]",3.713656154930831,6650.027421474457,1.4916679905605168e-11
"[[50, 49], [49, 5], [49, 95], [33, 69], [47, 52], [11, 80], [26, 2], [18, 35], [23, 97], [8, 20]]",3.7127093948230083,6664.495996236801,1.4170845910324909e-11
"[[50, 49], [49, 5], [49, 95], [33, 69], [47, 52], [11, 80], [26, 2], [19, 35], [23, 97], [8, 20]]",3.713656154930831,6678.880123138428,1.3462303614808662e-11
"[[50, 49], [49, 5], [49, 95], [33, 69], [47, 52], [11, 80], [26, 2], [18, 35], [23, 97], [8, 20]]",3.7127093948230083,6693.304433584213,1.2789188434068229e-11
"[[50, 49], [49, 5], [49, 95], [33, 69], [47, 52], [11, 80], [26, 2], [19, 35], [23, 97], [8, 20]]",3.713656154930831,6707.75558423996,1.2149729012364817e-11
"[[50, 49], [49, 5], [49, 95], [33, 69], [47, 52], [11, 80], [26, 2], [18, 35], [23, 97], [8, 20]]",3.7127093948230083,6722.187438249588,1.1542242561746576e-11
"[[50, 49], [49, 5], [49, 95], [33, 69], [47, 52], [11, 80], [26, 2], [19, 35], [23, 97], [8, 20]]",3.713656154930831,6736.571760177612,1.0965130433659246e-11
"[[50, 49], [49, 5], [49, 95], [33, 69], [47, 52], [11, 80], [26, 2], [18, 35], [23, 97], [8, 20]]",3.7127093948230083,6750.9593024253845,1.0416873911976284e-11
"[[50, 49], [49, 5], [49, 95], [33, 69], [47, 52], [11, 80], [26, 2], [19, 35], [23, 97], [8, 20]]",3.713656154930831,6765.42125082016,9.896030216377469e-12
"[[50, 49], [49, 5], [49, 95], [33, 69], [47, 52], [11, 80], [26, 2], [18, 35], [23, 97], [8, 20]]",3.7127093948230083,6779.8444929122925,9.401228705558595e-12
"[[50, 49], [49, 5], [49, 95], [33, 69], [47, 52], [11, 80], [26, 2], [19, 35], [23, 97], [8, 20]]",3.713656154930831,6794.348432302475,8.931167270280664e-12
"[[50, 49], [49, 5], [49, 95], [33, 69], [47, 52], [11, 80], [26, 2], [18, 35], [23, 97], [8, 20]]",3.7127093948230083,6808.727523565292,8.48460890676663e-12
"[[50, 49], [49, 5], [49, 95], [33, 69], [47, 52], [11, 80], [26, 2], [19, 35], [23, 97], [8, 20]]",3.713656154930831,6823.139565706253,8.0603784614283e-12
"[[50, 49], [49, 5], [49, 95], [33, 69], [47, 52], [11, 80], [26, 2], [18, 35], [23, 97], [8, 20]]",3.7127093948230083,6837.591298341751,7.657359538356884e-12
"[[50, 49], [49, 5], [49, 95], [33, 69], [47, 52], [11, 80], [26, 2], [19, 35], [23, 97], [8, 20]]",3.713656154930831,6852.122510194778,7.274491561439039e-12
"[[50, 49], [49, 5], [49, 95], [33, 69], [47, 52], [11, 80], [26, 2], [18, 35], [23, 97], [8, 20]]",3.7127093948230083,6866.558866977692,6.9107669833670865e-12
"[[50, 49], [49, 5], [49, 95], [33, 69], [47, 52], [11, 80], [26, 2], [19, 35], [23, 97], [8, 20]]",3.713656154930831,6880.993673086166,6.565228634198732e-12
"[[50, 49], [49, 5], [49, 95], [33, 69], [47, 52], [11, 80], [26, 2], [18, 35], [23, 97], [8, 20]]",3.7127093948230083,6895.445442199707,6.236967202488796e-12
"[[50, 49], [49, 5], [49, 95], [33, 69], [47, 52], [11, 80], [26, 2], [19, 35], [23, 97], [8, 20]]",3.713656154930831,6909.85080742836,5.925118842364355e-12
"[[50, 49], [49, 5], [49, 95], [33, 69], [47, 52], [11, 80], [26, 2], [18, 35], [23, 97], [8, 20]]",3.7127093948230083,6924.279912948608,5.6288629002461375e-12
"[[50, 49], [49, 5], [49, 95], [33, 69], [47, 52], [11, 80], [26, 2], [19, 35], [23, 97], [8, 20]]",3.713656154930831,6938.698461294174,5.347419755233831e-12
"[[50, 49], [49, 5], [49, 95], [33, 69], [47, 52], [11, 80], [26, 2], [18, 35], [23, 97], [8, 20]]",3.7127093948230083,6953.116137266159,5.080048767472139e-12
"[[50, 49], [49, 5], [49, 95], [33, 69], [47, 52], [11, 80], [26, 2], [19, 35], [23, 97], [8, 20]]",3.713656154930831,6967.524231910706,4.826046329098531e-12
"[[50, 49], [49, 5], [49, 95], [33, 69], [47, 52], [11, 80], [26, 2], [18, 35], [23, 97], [8, 20]]",3.7127093948230083,6981.965717792511,4.584744012643605e-12
"[[50, 49], [49, 5], [49, 95], [33, 69], [47, 52], [11, 80], [26, 2], [19, 35], [23, 97], [8, 20]]",3.713656154930831,6996.44323182106,4.355506812011424e-12
"[[50, 49], [49, 5], [49, 95], [33, 69], [47, 52], [11, 80], [26, 2], [18, 35], [23, 97], [8, 20]]",3.7127093948230083,7010.990314245224,4.137731471410853e-12
"[[50, 49], [49, 5], [49, 95], [33, 69], [47, 52], [11, 80], [26, 2], [19, 35], [23, 97], [8, 20]]",3.713656154930831,7025.359193086624,3.93084489784031e-12
"[[50, 49], [49, 5], [49, 95], [33, 69], [47, 52], [11, 80], [26, 2], [18, 35], [23, 97], [8, 20]]",3.7127093948230083,7039.896939754486,3.734302652948294e-12
"[[50, 49], [49, 5], [49, 95], [33, 69], [47, 52], [11, 80], [26, 2], [19, 35], [23, 97], [8, 20]]",3.713656154930831,7054.305224180222,3.547587520300879e-12
