proposal,fitness,cycle_time,temperature
"[[37, 33], [66, 6], [50, 7], [19, 18], [61, 36], [88, 71], [43, 33], [32, 95], [42, 43], [60, 94]]",1.8303802906944542,13.145435571670532,1.0
"[[37, 33], [66, 6], [50, 7], [19, 18], [61, 36], [88, 71], [43, 33], [32, 95], [42, 43], [59, 94]]",1.8406022882809383,28.28361463546753,0.95
"[[78, 86], [60, 15], [21, 66], [59, 63], [74, 10], [35, 23], [26, 91], [28, 15], [58, 91], [68, 31]]",2.1935885235988826,43.0446093082428,0.9025
"[[78, 86], [60, 15], [21, 66], [59, 63], [74, 10], [35, 23], [26, 91], [27, 15], [58, 91], [68, 31]]",2.2037597341457795,57.82651996612549,0.8573749999999999
"[[78, 86], [60, 15], [21, 66], [59, 63], [74, 10], [35, 23], [26, 91], [27, 15], [57, 91], [68, 31]]",2.2129753167951103,72.55037689208984,0.8145062499999999
"[[78, 86], [60, 15], [21, 66], [59, 63], [74, 10], [35, 23], [26, 91], [27, 15], [56, 91], [68, 31]]",2.2222320540549365,86.95561695098877,0.7737809374999999
"[[78, 86], [60, 15], [21, 66], [59, 63], [74, 10], [35, 23], [26, 91], [27, 15], [55, 91], [68, 31]]",2.2319294492554693,101.39271903038025,0.7350918906249998
"[[78, 86], [60, 15], [21, 66], [59, 63], [74, 10], [35, 23], [26, 91], [27, 15], [54, 91], [68, 31]]",2.2413313829000807,116.18821001052856,0.6983372960937497
"[[78, 86], [60, 15], [21, 66], [59, 63], [74, 10], [35, 23], [26, 91], [27, 15], [53, 91], [68, 31]]",2.250802582968517,130.97216367721558,0.6634204312890623
"[[78, 86], [60, 15], [21, 66], [59, 63], [74, 10], [35, 23], [26, 91], [27, 15], [52, 91], [68, 31]]",2.259788401347347,145.80921053886414,0.6302494097246091
"[[78, 86], [60, 15], [21, 66], [59, 63], [74, 10], [35, 23], [26, 91], [27, 15], [51, 91], [68, 31]]",2.2688307774822514,160.21928358078003,0.5987369392383786
"[[78, 86], [59, 15], [21, 66], [59, 63], [74, 10], [35, 23], [26, 91], [27, 15], [51, 91], [68, 31]]",2.2777366692988688,174.94614505767822,0.5688000922764596
"[[78, 86], [59, 15], [21, 66], [59, 63], [74, 10], [35, 23], [26, 91], [27, 15], [50, 91], [68, 31]]",2.286016284743828,189.35976648330688,0.5403600876626365
"[[78, 86], [59, 15], [21, 66], [59, 63], [74, 10], [35, 23], [26, 91], [26, 15], [50, 91], [68, 31]]",2.2938432665500708,204.09029483795166,0.5133420832795047
"[[78, 86], [59, 15], [21, 66], [59, 63], [74, 10], [35, 24], [26, 91], [26, 15], [50, 91], [68, 31]]",2.301600414727964,218.50335001945496,0.48767497911552943
"[[78, 86], [58, 15], [21, 66], [59, 63], [74, 10], [35, 24], [26, 91], [26, 15], [50, 91], [68, 31]]",2.309172213211787,233.3030276298523,0.46329123015975293
"[[78, 86], [57, 15], [21, 66], [59, 63], [74, 10], [35, 24], [26, 91], [26, 15], [50, 91], [68, 31]]",2.316950219991312,248.0619626045227,0.44012666865176525
"[[78, 86], [57, 15], [21, 66], [58, 63], [74, 10], [35, 24], [26, 91], [26, 15], [50, 91], [68, 31]]",2.3242979539445505,262.47966718673706,0.41812033521917696
"[[78, 86], [57, 15], [21, 66], [57, 63], [74, 10], [35, 24], [26, 91], [26, 15], [50, 91], [68, 31]]",2.3316278316629058,276.95372128486633,0.3972143184582181
"[[78, 86], [57, 15], [21, 66], [57, 63], [74, 10], [35, 25], [26, 91], [26, 15], [50, 91], [68, 31]]",2.3386156955806907,291.4353141784668,0.37735360253530714
"[[78, 86], [57, 15], [21, 66], [57, 63], [74, 10], [35, 26], [26, 91], [26, 15], [50, 91], [68, 31]]",2.345708239656529,303.6127099990845,0.35848592240854177
"[[78, 86], [57, 15], [21, 65], [57, 63], [74, 10], [35, 26], [26, 91], [26, 15], [50, 91], [68, 31]]",2.3525683227513494,314.66372656822205,0.34056162628811465
"[[78, 86], [57, 15], [21, 65], [56, 63], [74, 10], [35, 26], [26, 91], [26, 15], [50, 91], [68, 31]]",2.3594009847707103,329.56941080093384,0.3235335449737089
"[[78, 86], [57, 15], [21, 65], [56, 62], [74, 10], [35, 26], [26, 91], [26, 15], [50, 91], [68, 31]]",2.3664431785970725,344.0148735046387,0.30735686772502346
"[[78, 86], [57, 15], [21, 65], [55, 62], [74, 10], [35, 26], [26, 91], [26, 15], [50, 91], [68, 31]]",2.3729575634735043,358.38637948036194,0.2919890243387723
"[[78, 86], [57, 15], [21, 65], [55, 61], [74, 10], [35, 26], [26, 91], [26, 15], [50, 91], [68, 31]]",2.3798467852699288,372.67087149620056,0.27738957312183365
"[[78, 86], [57, 15], [21, 65], [54, 61], [74, 10], [35, 26], [26, 91], [26, 15], [50, 91], [68, 31]]",2.3866915182667148,387.30330514907837,0.263520094465742
"[[78, 86], [57, 15], [21, 65], [54, 60], [74, 10], [35, 26], [26, 91], [26, 15], [50, 91], [68, 31]]",2.393666455610197,401.57015585899353,0.25034408974245487
"[[78, 86], [57, 15], [21, 65], [53, 60], [74, 10], [35, 26], [26, 91], [26, 15], [50, 91], [68, 31]]",2.400360055559535,415.8361134529114,0.2378268852553321
"[[78, 86], [57, 15], [21, 65], [53, 59], [74, 10], [35, 26], [26, 91], [26, 15], [50, 91], [68, 31]]",2.406767692784665,430.10761404037476,0.2259355409925655
"[[78, 86], [57, 15], [21, 65], [52, 59], [74, 10], [35, 26], [26, 91], [26, 15], [50, 91], [68, 31]]",2.413485060070347,444.3903682231903,0.2146387639429372
"[[78, 86], [57, 15], [21, 65], [52, 59], [74, 10], [35, 26], [26, 91], [26, 15], [50, 92], [68, 31]]",2.4197177629097606,458.71467185020447,0.20390682574579033
"[[78, 86], [57, 15], [22, 65], [52, 59], [74, 10], [35, 26], [26, 91], [26, 15], [50, 92], [68, 31]]",2.5162293857316644,473.0087330341339,0.1937114844585008
"[[78, 86], [57, 15], [22, 65], [52, 59], [74, 10], [35, 26], [26, 91], [26, 15], [49, 92], [68, 31]]",2.5232131455750135,487.263836145401,0.18402591023557577
"[[78, 86], [57, 15], [22, 65], [52, 59], [74, 10], [35, 26], [26, 91], [26, 15], [49, 93], [68, 31]]",2.5307997861036364,501.55174374580383,0.17482461472379698
"[[78, 86], [57, 15], [22, 64], [52, 59], [74, 10], [35, 26], [26, 91], [26, 15], [49, 93], [68, 31]]",2.5368927996944026,515.8341588973999,0.16608338398760714
"[[78, 86], [57, 15], [22, 64], [52, 59], [74, 10], [35, 27], [26, 91], [26, 15], [49, 93], [68, 31]]",2.5428601985163564,530.4227032661438,0.15777921478822676
"[[78, 86], [57, 15], [22, 64], [52, 59], [74, 10], [35, 27], [26, 91], [26, 15], [49, 94], [68, 31]]",2.5485578284768655,544.6796324253082,0.14989025404881542
"[[78, 86], [57, 14], [22, 64], [52, 59], [74, 10], [35, 27], [26, 91], [26, 15], [49, 94], [68, 31]]",2.553593837153136,558.9129300117493,0.14239574134637464
"[[78, 86], [56, 14], [22, 64], [52, 59], [74, 10], [35, 27], [26, 91], [26, 15], [49, 94], [68, 31]]",2.561312361669665,573.1886653900146,0.1352759542790559
"[[78, 86], [55, 14], [22, 64], [52, 59], [74, 10], [35, 27], [26, 91], [26, 15], [49, 94], [68, 31]]",2.5678267465460967,587.4270007610321,0.1285121565651031
"[[78, 86], [55, 13], [22, 64], [52, 59], [74, 10], [35, 27], [26, 91], [26, 15], [49, 94], [68, 31]]",2.5733715811590123,601.6842243671417,0.12208654873684793
"[[78, 86], [54, 13], [22, 64], [52, 59], [74, 10], [35, 27], [26, 91], [26, 15], [49, 94], [68, 31]]",2.579544120564044,615.9017770290375,0.11598222130000553
"[[78, 86], [54, 12], [22, 64], [52, 59], [74, 10], [35, 27], [26, 91], [26, 15], [49, 94], [68, 31]]",2.5853987352546026,630.1659905910492,0.11018311023500525
"[[78, 86], [53, 12], [22, 64], [52, 59], [74, 10], [35, 27], [26, 91], [26, 15], [49, 94], [68, 31]]",2.5918682706733547,644.4674508571625,0.10467395472325498
"[[78, 86], [52, 12], [22, 64], [52, 59], [74, 10], [35, 27], [26, 91], [26, 15], [49, 94], [68, 31]]",2.597414741977758,658.885735988617,0.09944025698709223
"[[78, 86], [52, 11], [22, 64], [52, 59], [74, 10], [35, 27], [26, 91], [26, 15], [49, 94], [68, 31]]",2.6036488880006585,673.2456333637238,0.09446824413773762
"[[78, 86], [52, 10], [22, 64], [52, 59], [74, 10], [35, 27], [26, 91], [26, 15], [49, 94], [68, 31]]",2.609514593580882,687.531658411026,0.08974483193085074
"[[78, 86], [51, 10], [22, 64], [52, 59], [74, 10], [35, 27], [26, 91], [26, 15], [49, 94], [68, 31]]",2.6152832892165856,701.8763818740845,0.0852575903343082
"[[78, 86], [51, 9], [22, 64], [52, 59], [74, 10], [35, 27], [26, 91], [26, 15], [49, 94], [68, 31]]",2.620864323658526,716.2445352077484,0.08099471081759278
"[[78, 86], [51, 8], [22, 64], [52, 59], [74, 10], [35, 27], [26, 91], [26, 15], [49, 94], [68, 31]]",2.626475504659255,730.4779787063599,0.07694497527671314
"[[78, 86], [50, 8], [22, 64], [52, 59], [74, 10], [35, 27], [26, 91], [26, 15], [49, 94], [68, 31]]",2.6329119321064653,744.7781763076782,0.07309772651287748
"[[78, 86], [50, 7], [22, 64], [52, 59], [74, 10], [35, 27], [26, 91], [26, 15], [49, 94], [68, 31]]",2.638751952908147,759.0762531757355,0.0694428401872336
"[[78, 86], [50, 7], [22, 64], [52, 59], [74, 10], [35, 27], [26, 91], [25, 15], [49, 94], [68, 31]]",2.649149124464479,773.3456010818481,0.0659706981778719
"[[78, 86], [50, 7], [22, 64], [52, 59], [74, 10], [35, 27], [26, 91], [24, 15], [49, 94], [68, 31]]",2.657177411139636,787.6472589969635,0.0626721632689783
"[[78, 86], [50, 7], [22, 64], [52, 59], [74, 10], [35, 27], [26, 91], [23, 15], [49, 94], [68, 31]]",2.766559413623798,801.9579284191132,0.059538555105529384
"[[78, 86], [50, 7], [22, 64], [52, 59], [74, 10], [35, 27], [26, 91], [22, 15], [49, 94], [68, 31]]",2.7774169055357314,816.4227764606476,0.05656162735025291
"[[78, 86], [50, 7], [22, 64], [52, 59], [74, 10], [35, 27], [26, 91], [21, 15], [49, 94], [68, 31]]",2.786877358368063,830.8614673614502,0.053733545982740265
"[[78, 86], [50, 7], [22, 64], [52, 59], [74, 10], [35, 27], [26, 91], [20, 15], [49, 94], [68, 31]]",2.7947111931255684,845.3601796627045,0.05104686868360325
"[[78, 86], [50, 7], [22, 64], [52, 59], [74, 10], [35, 27], [26, 91], [19, 15], [49, 94], [68, 31]]",2.8018087076541414,859.8086240291595,0.04849452524942309
"[[78, 86], [50, 7], [22, 64], [52, 59], [74, 10], [35, 27], [26, 91], [18, 15], [49, 94], [68, 31]]",2.8083863867346266,874.226261138916,0.04606979898695193
"[[78, 86], [50, 7], [22, 64], [52, 59], [74, 10], [35, 27], [26, 91], [17, 15], [49, 94], [68, 31]]",2.815330456863094,888.7016112804413,0.04376630903760433
"[[78, 86], [49, 7], [22, 64], [52, 59], [74, 10], [35, 27], [26, 91], [17, 15], [49, 94], [68, 31]]",2.821820191127536,903.2347342967987,0.041577993585724116
"[[78, 86], [49, 6], [22, 64], [52, 59], [74, 10], [35, 27], [26, 91], [17, 15], [49, 94], [68, 31]]",2.8279659501492147,917.7371909618378,0.03949909390643791
"[[78, 86], [49, 6], [22, 64], [52, 59], [74, 10], [35, 27], [26, 91], [17, 16], [49, 94], [68, 31]]",2.83339089355663,932.1618473529816,0.03752413921111601
"[[78, 86], [49, 6], [22, 64], [52, 59], [74, 10], [35, 27], [26, 91], [16, 16], [49, 94], [68, 31]]",2.839579073961378,946.6653411388397,0.03564793225056021
"[[78, 86], [49, 6], [22, 64], [52, 59], [74, 10], [35, 27], [26, 91], [16, 17], [49, 94], [68, 31]]",2.845413685114745,961.1209418773651,0.0338655356380322
"[[78, 86], [49, 6], [22, 64], [52, 59], [74, 10], [35, 27], [26, 91], [15, 17], [49, 94], [68, 31]]",2.850600674620165,975.6011776924133,0.032172258856130585
"[[78, 86], [49, 6], [22, 64], [52, 59], [74, 10], [35, 27], [26, 91], [15, 18], [49, 94], [68, 31]]",2.8566309717421126,990.123119354248,0.030563645913324056
"[[78, 86], [49, 6], [22, 64], [52, 59], [74, 10], [35, 27], [26, 91], [15, 19], [49, 94], [68, 31]]",2.862147028160193,1004.7270426750183,0.029035463617657853
"[[78, 86], [49, 5], [22, 64], [52, 59], [74, 10], [35, 27], [26, 91], [15, 19], [49, 94], [68, 31]]",2.867175099593109,1019.2415978908539,0.027583690436774957
"[[78, 86], [49, 5], [22, 64], [52, 59], [74, 10], [35, 27], [26, 91], [14, 19], [49, 94], [68, 31]]",2.8720491510514874,1033.7452075481415,0.02620450591493621
"[[78, 86], [49, 5], [22, 64], [52, 59], [74, 10], [35, 27], [26, 91], [14, 20], [49, 94], [68, 31]]",2.877329802319032,1048.2482914924622,0.0248942806191894
"[[78, 86], [49, 5], [22, 64], [52, 59], [74, 10], [35, 27], [26, 91], [13, 20], [49, 94], [68, 31]]",2.8826955232181115,1062.7686018943787,0.023649566588229927
"[[78, 86], [48, 5], [22, 64], [52, 59], [74, 10], [35, 27], [26, 91], [13, 20], [49, 94], [68, 31]]",2.8888818962919753,1077.2634537220001,0.022467088258818428
"[[78, 86], [48, 4], [22, 64], [52, 59], [74, 10], [35, 27], [26, 91], [13, 20], [49, 94], [68, 31]]",2.9018845359338714,1092.0501787662506,0.021343733845877507
"[[78, 86], [48, 4], [22, 64], [52, 59], [74, 10], [35, 27], [26, 91], [12, 20], [49, 94], [68, 31]]",2.907913004687943,1106.4965147972107,0.02027654715358363
"[[78, 86], [48, 4], [22, 64], [52, 59], [74, 10], [35, 27], [26, 92], [12, 20], [49, 94], [68, 31]]",2.912597781007544,1120.9954562187195,0.019262719795904448
"[[78, 86], [48, 4], [22, 64], [52, 59], [74, 10], [35, 27], [26, 93], [12, 20], [49, 94], [68, 31]]",2.917088639355349,1135.4216380119324,0.018299583806109226
"[[78, 86], [48, 4], [22, 64], [52, 59], [74, 10], [35, 27], [25, 93], [12, 20], [49, 94], [68, 31]]",2.9217325505578815,1149.8248672485352,0.017384604615803764
"[[78, 86], [48, 4], [22, 64], [52, 59], [74, 10], [35, 27], [24, 93], [12, 20], [49, 94], [68, 31]]",2.9258034715036274,1164.2606902122498,0.016515374385013576
"[[78, 86], [48, 4], [22, 64], [52, 59], [74, 10], [35, 27], [24, 94], [12, 20], [49, 94], [68, 31]]",2.931597595787572,1178.7335550785065,0.015689605665762895
"[[78, 86], [48, 4], [22, 64], [52, 59], [74, 10], [35, 27], [24, 95], [12, 20], [49, 94], [68, 31]]",2.936174903095157,1193.3017275333405,0.01490512538247475
"[[78, 86], [48, 4], [22, 64], [52, 59], [74, 10], [35, 27], [23, 95], [12, 20], [49, 94], [68, 31]]",2.9421423019171105,1207.7412428855896,0.014159869113351011
"[[78, 86], [48, 4], [22, 64], [52, 59], [74, 10], [35, 27], [23, 96], [12, 20], [49, 94], [68, 31]]",2.9467461013945764,1222.1841442584991,0.01345187565768346
"[[78, 86], [48, 4], [22, 64], [52, 59], [74, 10], [35, 27], [23, 97], [12, 20], [49, 94], [68, 31]]",2.9569515141366622,1236.7122309207916,0.012779281874799287
"[[78, 86], [48, 4], [22, 64], [52, 59], [74, 10], [34, 27], [23, 97], [12, 20], [49, 94], [68, 31]]",2.9606590554917886,1251.2101612091064,0.012140317781059323
"[[78, 86], [48, 4], [22, 64], [52, 59], [74, 10], [33, 27], [23, 97], [12, 20], [49, 94], [68, 31]]",2.972432919947968,1265.644122838974,0.011533301892006355
"[[78, 86], [48, 4], [22, 64], [52, 59], [74, 10], [32, 27], [23, 97], [12, 20], [49, 94], [68, 31]]",3.0026472952712773,1280.067212820053,0.010956636797406038
"[[78, 86], [48, 4], [22, 64], [52, 59], [74, 10], [32, 28], [23, 97], [12, 20], [49, 94], [68, 31]]",3.0663831776221784,1294.5383174419403,0.010408804957535735
"[[78, 86], [48, 4], [22, 64], [52, 59], [74, 10], [32, 28], [23, 97], [11, 20], [49, 94], [68, 31]]",3.070357786680817,1309.0814270973206,0.009888364709658948
"[[78, 86], [48, 4], [22, 64], [52, 59], [74, 10], [32, 28], [23, 97], [11, 20], [49, 95], [68, 31]]",3.0735933418690538,1323.5800676345825,0.009393946474176
"[[78, 86], [48, 4], [22, 64], [52, 59], [74, 10], [32, 28], [23, 97], [11, 20], [48, 95], [68, 31]]",3.0789124042049725,1338.0662860870361,0.0089242491504672
"[[78, 86], [48, 4], [22, 64], [52, 59], [74, 10], [32, 28], [23, 97], [11, 20], [48, 96], [68, 31]]",3.090462204130567,1352.696179151535,0.008478036692943839
"[[78, 86], [48, 4], [22, 64], [52, 59], [74, 10], [32, 28], [23, 97], [11, 20], [48, 96], [67, 31]]",3.0927028494364155,1367.3709630966187,0.008054134858296647
"[[78, 86], [48, 4], [22, 64], [52, 59], [74, 10], [32, 28], [23, 97], [11, 20], [48, 96], [66, 31]]",3.0949434947422634,1381.7276809215546,0.0076514281153818135
"[[78, 86], [48, 4], [22, 64], [52, 59], [74, 10], [32, 28], [23, 97], [11, 20], [48, 96], [65, 31]]",3.097632269109281,1392.357587814331,0.0072688567096127225
"[[78, 86], [48, 4], [22, 64], [52, 59], [74, 10], [32, 28], [23, 97], [11, 20], [48, 96], [64, 31]]",3.0994247853539596,1400.3573679924011,0.006905413874132086
"[[78, 86], [48, 4], [22, 64], [52, 59], [74, 10], [32, 28], [23, 97], [11, 20], [48, 96], [63, 31]]",3.1025616887821466,1408.3578698635101,0.006560143180425482
"[[78, 86], [48, 4], [22, 64], [52, 59], [74, 10], [32, 28], [23, 97], [10, 20], [48, 96], [63, 31]]",3.1034997558495316,1416.3184278011322,0.0062321360214042075
"[[77, 86], [48, 4], [22, 64], [52, 59], [74, 10], [32, 28], [23, 97], [10, 20], [48, 96], [63, 31]]",3.103947884910701,1424.266227722168,0.005920529220333997
"[[76, 86], [48, 4], [22, 64], [52, 59], [74, 10], [32, 28], [23, 97], [10, 20], [48, 96], [63, 31]]",3.1043960139718707,1432.3193039894104,0.0056245027593172965
"[[75, 86], [48, 4], [22, 64], [52, 59], [74, 10], [32, 28], [23, 97], [10, 20], [48, 96], [63, 31]]",3.1048441430330405,1440.389583826065,0.005343277621351432
"[[75, 86], [48, 4], [22, 64], [52, 59], [73, 10], [32, 28], [23, 97], [10, 20], [48, 96], [63, 31]]",3.1052922720942098,1448.418672800064,0.0050761137402838595
"[[75, 86], [48, 4], [22, 64], [52, 59], [72, 10], [32, 28], [23, 97], [10, 20], [48, 96], [63, 31]]",3.1057404011553795,1456.4743885993958,0.004822308053269666
"[[75, 86], [48, 4], [23, 64], [52, 59], [72, 10], [32, 28], [23, 97], [10, 20], [48, 96], [63, 31]]",3.1060537339211067,1464.4839582443237,0.004581192650606183
"[[74, 86], [48, 4], [23, 64], [52, 59], [72, 10], [32, 28], [23, 97], [10, 20], [48, 96], [63, 31]]",3.106277798451692,1472.4977350234985,0.0043521330180758735
"[[73, 86], [48, 4], [23, 64], [52, 59], [72, 10], [32, 28], [23, 97], [10, 20], [48, 96], [63, 31]]",3.106949992043446,1480.4578459262848,0.0041345263671720795
"[[72, 86], [48, 4], [23, 64], [52, 59], [72, 10], [32, 28], [23, 97], [10, 20], [48, 96], [63, 31]]",3.1071740565740305,1488.5042107105255,0.003927800048813475
"[[71, 86], [48, 4], [23, 64], [52, 59], [72, 10], [32, 28], [23, 97], [10, 20], [48, 96], [63, 31]]",3.1076221856352007,1496.482659816742,0.0037314100463728015
"[[70, 86], [48, 4], [23, 64], [52, 59], [72, 10], [32, 28], [23, 97], [10, 20], [48, 96], [63, 31]]",3.1078462501657853,1507.11234998703,0.0035448395440541612
"[[69, 86], [48, 4], [23, 64], [52, 59], [72, 10], [32, 28], [23, 97], [10, 20], [48, 96], [63, 31]]",3.1082943792269546,1521.5142843723297,0.003367597566851453
"[[68, 86], [48, 4], [23, 64], [52, 59], [72, 10], [32, 28], [23, 97], [10, 20], [48, 96], [63, 31]]",3.1087425082881244,1535.9088978767395,0.00319921768850888
"[[67, 86], [48, 4], [23, 64], [52, 59], [72, 10], [32, 28], [23, 97], [10, 20], [48, 96], [63, 31]]",3.109190637349294,1550.2825179100037,0.003039256804083436
"[[66, 86], [48, 4], [23, 64], [52, 59], [72, 10], [32, 28], [23, 97], [10, 20], [48, 96], [63, 31]]",3.109414701879879,1564.6712431907654,0.0028872939638792637
"[[65, 86], [48, 4], [23, 64], [52, 59], [72, 10], [32, 28], [23, 97], [10, 20], [48, 96], [63, 31]]",3.1098628309410485,1579.1038811206818,0.0027429292656853004
"[[64, 86], [48, 4], [23, 64], [52, 59], [72, 10], [32, 28], [23, 97], [10, 20], [48, 96], [63, 31]]",3.110086895471633,1593.5843303203583,0.0026057828024010354
"[[63, 86], [48, 4], [23, 64], [52, 59], [72, 10], [32, 28], [23, 97], [10, 20], [48, 96], [63, 31]]",3.110535024532803,1606.1800422668457,0.0024754936622809836
"[[62, 86], [48, 4], [23, 64], [52, 59], [72, 10], [32, 28], [23, 97], [10, 20], [48, 96], [63, 31]]",3.1109831535939723,1614.188277721405,0.002351718979166934
"[[61, 86], [48, 4], [23, 64], [52, 59], [72, 10], [32, 28], [23, 97], [10, 20], [48, 96], [63, 31]]",3.1112072181245574,1622.171456336975,0.0022341330302085875
"[[60, 86], [48, 4], [23, 64], [52, 59], [72, 10], [32, 28], [23, 97], [10, 20], [48, 96], [63, 31]]",3.111431282655142,1630.3071563243866,0.002122426378698158
"[[60, 87], [48, 4], [23, 64], [52, 59], [72, 10], [32, 28], [23, 97], [10, 20], [48, 96], [63, 31]]",3.1118794117163118,1643.2804114818573,0.0020163050597632503
"[[59, 87], [48, 4], [23, 64], [52, 59], [72, 10], [32, 28], [23, 97], [10, 20], [48, 96], [63, 31]]",3.1121034762468964,1657.673779964447,0.0019154898067750877
"[[59, 87], [48, 4], [23, 64], [52, 59], [72, 10], [32, 28], [23, 97], [10, 20], [47, 96], [63, 31]]",3.112590938953751,1672.110425233841,0.0018197153164363333
"[[58, 87], [48, 4], [23, 64], [52, 59], [72, 10], [32, 28], [23, 97], [10, 20], [47, 96], [63, 31]]",3.1137112616066753,1686.5691936016083,0.0017287295506145165
"[[57, 87], [48, 4], [23, 64], [52, 59], [72, 10], [32, 28], [23, 97], [10, 20], [47, 96], [63, 31]]",3.115055648790184,1701.0215203762054,0.0016422930730837905
"[[56, 87], [48, 4], [23, 64], [52, 59], [72, 10], [32, 28], [23, 97], [10, 20], [47, 96], [63, 31]]",3.1161759714431083,1715.4827950000763,0.0015601784194296008
"[[56, 88], [48, 4], [23, 64], [52, 59], [72, 10], [32, 28], [23, 97], [10, 20], [47, 96], [63, 31]]",3.117072229565448,1729.076895236969,0.0014821694984581207
"[[55, 88], [48, 4], [23, 64], [52, 59], [72, 10], [32, 28], [23, 97], [10, 20], [47, 96], [63, 31]]",3.117744423157202,1743.5158252716064,0.0014080610235352145
"[[55, 89], [48, 4], [23, 64], [52, 59], [72, 10], [32, 28], [23, 97], [10, 20], [47, 96], [63, 31]]",3.1186406812795413,1757.997878074646,0.0013376579723584536
"[[55, 90], [48, 4], [23, 64], [52, 59], [72, 10], [32, 28], [23, 97], [10, 20], [47, 96], [63, 31]]",3.1193128748712957,1772.4864645004272,0.0012707750737405309
"[[54, 90], [48, 4], [23, 64], [52, 59], [72, 10], [32, 28], [23, 97], [10, 20], [47, 96], [63, 31]]",3.120209132993635,1786.9758625030518,0.0012072363200535043
"[[53, 90], [48, 4], [23, 64], [52, 59], [72, 10], [32, 28], [23, 97], [10, 20], [47, 96], [63, 31]]",3.1211053911159743,1801.3794288635254,0.001146874504050829
"[[53, 91], [48, 4], [23, 64], [52, 59], [72, 10], [32, 28], [23, 97], [10, 20], [47, 96], [63, 31]]",3.1217775847077283,1815.7976496219635,0.0010895307788482875
"[[53, 92], [48, 4], [23, 64], [52, 59], [72, 10], [32, 28], [23, 97], [10, 20], [47, 96], [63, 31]]",3.122449778299483,1830.3083789348602,0.001035054239905873
"[[52, 92], [48, 4], [23, 64], [52, 59], [72, 10], [32, 28], [23, 97], [10, 20], [47, 96], [63, 31]]",3.1228979073606524,1844.7129237651825,0.0009833015279105794
"[[52, 92], [48, 4], [23, 64], [52, 59], [72, 10], [32, 28], [23, 97], [10, 20], [47, 97], [63, 31]]",3.1242029608984763,1859.138456106186,0.0009341364515150504
"[[51, 92], [48, 4], [23, 64], [52, 59], [72, 10], [32, 28], [23, 97], [10, 20], [47, 97], [63, 31]]",3.1253232835514,1873.613806962967,0.0008874296289392978
"[[50, 92], [48, 4], [23, 64], [52, 59], [72, 10], [32, 28], [23, 97], [10, 20], [47, 97], [63, 31]]",3.1257714126125697,1888.082627773285,0.0008430581474923328
"[[50, 93], [48, 4], [23, 64], [52, 59], [72, 10], [32, 28], [23, 97], [10, 20], [47, 97], [63, 31]]",3.126443606204324,1902.5684299468994,0.0008009052401177162
"[[50, 94], [48, 4], [23, 64], [52, 59], [72, 10], [32, 28], [23, 97], [10, 20], [47, 97], [63, 31]]",3.127115799796079,1917.1191620826721,0.0007608599781118304
"[[50, 95], [48, 4], [23, 64], [52, 59], [72, 10], [32, 28], [23, 97], [10, 20], [47, 97], [63, 31]]",3.127787993387833,1931.5943818092346,0.0007228169792062388
"[[49, 95], [48, 4], [23, 64], [52, 59], [72, 10], [32, 28], [23, 97], [10, 20], [47, 97], [63, 31]]",3.1280120579184176,1946.0495674610138,0.0006866761302459269
"[[49, 96], [48, 4], [23, 64], [52, 59], [72, 10], [32, 28], [23, 97], [10, 20], [47, 97], [63, 31]]",3.128908316040757,1960.5157687664032,0.0006523423237336305
"[[49, 96], [48, 4], [23, 64], [52, 59], [71, 10], [32, 28], [23, 97], [10, 20], [47, 97], [63, 31]]",3.129132380571342,1974.9510049819946,0.0006197252075469489
"[[49, 96], [48, 4], [23, 64], [52, 59], [70, 10], [32, 28], [23, 97], [10, 20], [47, 97], [63, 31]]",3.1298045741630967,1989.5835406780243,0.0005887389471696014
"[[49, 96], [48, 4], [23, 64], [52, 59], [69, 10], [32, 28], [23, 97], [10, 20], [47, 97], [63, 31]]",3.1300286386936813,2004.1660177707672,0.0005593019998111214
"[[49, 96], [48, 4], [23, 64], [52, 59], [68, 10], [32, 28], [23, 97], [10, 20], [47, 97], [63, 31]]",3.1307008322854357,2018.6165583133698,0.0005313368998205653
"[[49, 96], [48, 4], [23, 64], [52, 59], [67, 10], [32, 28], [23, 97], [10, 20], [47, 97], [63, 31]]",3.1307008322854357,2033.0452032089233,0.0005047700548295369
"[[49, 96], [48, 4], [23, 64], [52, 59], [66, 10], [32, 28], [23, 97], [10, 20], [47, 97], [63, 31]]",3.131597090407775,2047.4675896167755,0.00047953155208806006
"[[49, 96], [48, 4], [23, 64], [52, 59], [65, 10], [32, 28], [23, 97], [10, 20], [47, 97], [63, 31]]",3.131597090407775,2061.86239862442,0.000455554974483657
"[[49, 96], [48, 4], [23, 64], [52, 59], [64, 10], [32, 28], [23, 97], [10, 20], [47, 97], [63, 31]]",3.132269283999529,2069.954097509384,0.0004327772257594741
"[[49, 96], [48, 4], [23, 64], [52, 59], [63, 10], [32, 28], [23, 97], [10, 20], [47, 97], [63, 31]]",3.1324933485301143,2077.9434156417847,0.0004111383644715004
"[[49, 96], [48, 4], [23, 64], [52, 59], [62, 10], [32, 28], [23, 97], [10, 20], [47, 97], [63, 31]]",3.1329414775912836,2090.6405704021454,0.00039058144624792536
"[[49, 96], [47, 4], [23, 64], [52, 59], [62, 10], [32, 28], [23, 97], [10, 20], [47, 97], [63, 31]]",3.134834430920643,2105.0101158618927,0.0003710523739355291
"[[49, 96], [47, 4], [23, 64], [52, 59], [61, 10], [32, 28], [23, 97], [10, 20], [47, 97], [63, 31]]",3.1370750762264907,2119.4447541236877,0.00035249975523875265
"[[49, 96], [47, 4], [23, 64], [52, 59], [60, 10], [32, 28], [23, 97], [10, 20], [47, 97], [63, 31]]",3.1386435279405847,2133.8847694396973,0.000334874767476815
"[[49, 96], [47, 4], [23, 64], [52, 59], [59, 10], [32, 28], [23, 97], [10, 20], [47, 97], [63, 31]]",3.1406601087158474,2148.3093757629395,0.00031813102910297424
"[[49, 96], [47, 4], [23, 64], [52, 59], [58, 10], [32, 28], [23, 97], [10, 20], [47, 97], [63, 31]]",3.1422285604299414,2162.739742040634,0.0003022244776478255
"[[49, 96], [47, 4], [23, 64], [52, 59], [57, 10], [32, 28], [23, 97], [10, 20], [47, 97], [63, 31]]",3.14357294761345,2177.1039390563965,0.0002871132537654342
"[[49, 96], [47, 4], [23, 64], [52, 59], [56, 10], [32, 28], [23, 97], [10, 20], [47, 97], [63, 31]]",3.1455895283887134,2191.5417001247406,0.00027275759107716247
"[[49, 96], [47, 4], [23, 64], [52, 59], [55, 10], [32, 28], [23, 97], [10, 20], [47, 97], [63, 31]]",3.1467098510416376,2206.028641939163,0.00025911971152330434
"[[49, 96], [47, 4], [23, 64], [52, 59], [54, 10], [32, 28], [23, 97], [10, 20], [47, 97], [63, 31]]",3.148278302755731,2220.4568276405334,0.00024616372594713913
"[[49, 96], [46, 4], [23, 64], [52, 59], [54, 10], [32, 28], [23, 97], [10, 20], [47, 97], [63, 31]]",3.1504706517890635,2234.91787314415,0.00023385553964978215
"[[49, 96], [46, 4], [23, 64], [52, 59], [53, 10], [32, 28], [23, 97], [10, 20], [47, 97], [63, 31]]",3.1520391035031574,2249.38507771492,0.00022216276266729304
"[[49, 96], [46, 4], [23, 64], [52, 59], [52, 10], [32, 28], [23, 97], [10, 20], [47, 97], [63, 31]]",3.153159426156081,2263.772484064102,0.00021105462453392839
"[[49, 96], [45, 4], [23, 64], [52, 59], [52, 10], [32, 28], [23, 97], [10, 20], [47, 97], [63, 31]]",3.1544532451829665,2277.6084673404694,0.00020050189330723196
"[[49, 96], [44, 4], [23, 64], [52, 59], [52, 10], [32, 28], [23, 97], [10, 20], [47, 97], [63, 31]]",3.1559656540200987,2285.5759134292603,0.00019047679864187035
"[[49, 96], [43, 4], [23, 64], [52, 59], [52, 10], [32, 28], [23, 97], [10, 20], [47, 97], [63, 31]]",3.1569239385034935,2293.5132071971893,0.00018095295870977683
"[[49, 96], [42, 4], [23, 64], [52, 59], [52, 10], [32, 28], [23, 97], [10, 20], [47, 97], [63, 31]]",3.1578209186984108,2301.484363794327,0.00017190531077428798
"[[49, 96], [42, 4], [23, 64], [52, 59], [51, 10], [32, 28], [23, 97], [10, 20], [47, 97], [63, 31]]",3.1591653058819196,2309.4734337329865,0.00016331004523557357
"[[49, 96], [41, 4], [23, 64], [52, 59], [51, 10], [32, 28], [23, 97], [10, 20], [47, 97], [63, 31]]",3.159795646932764,2317.525256872177,0.00015514454297379488
"[[49, 96], [40, 4], [23, 64], [52, 59], [51, 10], [32, 28], [23, 97], [10, 20], [47, 97], [63, 31]]",3.163471310092225,2325.5338263511658,0.00014738731582510513
"[[49, 96], [40, 4], [23, 64], [52, 59], [51, 9], [32, 28], [23, 97], [10, 20], [47, 97], [63, 31]]",3.1697245381259194,2333.4572842121124,0.00014001795003384986
"[[49, 96], [40, 4], [23, 64], [52, 59], [51, 8], [32, 28], [23, 97], [10, 20], [47, 97], [63, 31]]",3.1753357191266494,2341.418510198593,0.00013301705253215737
"[[49, 96], [40, 4], [23, 64], [52, 59], [50, 8], [32, 28], [23, 97], [10, 20], [47, 97], [63, 31]]",3.1804277593903505,2349.3730952739716,0.0001263661999055495
"[[49, 96], [40, 4], [23, 64], [52, 59], [50, 7], [32, 28], [23, 97], [10, 20], [47, 97], [63, 31]]",3.1858196511308625,2357.352499485016,0.000120047889910272
"[[49, 96], [39, 4], [23, 64], [52, 59], [50, 7], [32, 28], [23, 97], [10, 20], [47, 97], [63, 31]]",3.1925115885529767,2365.3275907039642,0.0001140454954147584
"[[49, 96], [38, 4], [23, 64], [52, 59], [50, 7], [32, 28], [23, 97], [10, 20], [47, 97], [63, 31]]",3.199627286276655,2373.2981112003326,0.00010834322064402047
"[[49, 96], [37, 4], [23, 64], [52, 59], [50, 7], [32, 28], [23, 97], [10, 20], [47, 97], [63, 31]]",3.206040186843197,2381.3099319934845,0.00010292605961181944
"[[49, 96], [36, 4], [23, 64], [52, 59], [50, 7], [32, 28], [23, 97], [10, 20], [47, 97], [63, 31]]",3.2128621037436433,2389.2904148101807,9.777975663122846e-05
"[[49, 96], [35, 4], [23, 64], [52, 59], [50, 7], [32, 28], [23, 97], [10, 20], [47, 97], [63, 31]]",3.218736756933446,2397.3057000637054,9.289076879966704e-05
"[[49, 96], [34, 4], [23, 64], [52, 59], [50, 7], [32, 28], [23, 97], [10, 20], [47, 97], [63, 31]]",3.2254395839855277,2405.2272243499756,8.824623035968368e-05
"[[49, 96], [34, 4], [23, 64], [52, 59], [49, 7], [32, 28], [23, 97], [10, 20], [47, 97], [63, 31]]",3.2312571246582156,2413.146905183792,8.383391884169949e-05
"[[49, 96], [33, 4], [23, 64], [52, 59], [49, 7], [32, 28], [23, 97], [10, 20], [47, 97], [63, 31]]",3.2380906390134676,2427.196602344513,7.96422228996145e-05
"[[49, 96], [32, 4], [23, 64], [52, 59], [49, 7], [32, 28], [23, 97], [10, 20], [47, 97], [63, 31]]",3.244567931577747,2441.594980955124,7.566011175463378e-05
"[[49, 96], [32, 4], [23, 64], [52, 59], [49, 6], [32, 28], [23, 97], [10, 20], [47, 97], [63, 31]]",3.250713690599426,2456.1728596687317,7.187710616690208e-05
"[[49, 96], [31, 4], [23, 64], [52, 59], [49, 6], [32, 28], [23, 97], [10, 20], [47, 97], [63, 31]]",3.2565489361307405,2470.5809173583984,6.828325085855697e-05
"[[49, 96], [30, 4], [23, 64], [52, 59], [49, 6], [32, 28], [23, 97], [10, 20], [47, 97], [63, 31]]",3.263656483044763,2484.9320607185364,6.486908831562912e-05
"[[49, 96], [29, 4], [23, 64], [52, 59], [49, 6], [32, 28], [23, 97], [10, 20], [47, 97], [63, 31]]",3.2705173731003176,2499.322779893875,6.162563389984766e-05
"[[49, 96], [28, 4], [23, 64], [52, 59], [49, 6], [32, 28], [23, 97], [10, 20], [47, 97], [63, 31]]",3.2786255596710268,2513.713373184204,5.8544352204855274e-05
"[[49, 96], [27, 4], [23, 64], [52, 59], [49, 6], [32, 28], [23, 97], [10, 20], [47, 97], [63, 31]]",3.28549403921628,2528.187600851059,5.561713459461251e-05
"[[49, 96], [26, 4], [23, 64], [52, 59], [49, 6], [32, 28], [23, 97], [10, 20], [47, 97], [63, 31]]",3.28944485726297,2542.653255701065,5.283627786488188e-05
"[[49, 96], [26, 3], [23, 64], [52, 59], [49, 6], [32, 28], [23, 97], [10, 20], [47, 97], [63, 31]]",3.292480205026342,2557.0646488666534,5.019446397163778e-05
"[[49, 96], [26, 2], [23, 64], [52, 59], [49, 6], [32, 28], [23, 97], [10, 20], [47, 97], [63, 31]]",3.302461553237843,2571.437549352646,4.768474077305589e-05
"[[49, 96], [26, 2], [23, 64], [52, 59], [49, 5], [32, 28], [23, 97], [10, 20], [47, 97], [63, 31]]",3.305024914834326,2585.8057520389557,4.53005037344031e-05
"[[49, 96], [26, 2], [23, 64], [52, 59], [49, 5], [32, 28], [23, 97], [10, 20], [47, 97], [62, 31]]",3.307489624670759,2600.263970851898,4.303547854768294e-05
"[[49, 96], [26, 2], [23, 64], [52, 59], [49, 5], [32, 28], [23, 97], [10, 20], [47, 97], [61, 31]]",3.3104024635683613,2614.6819019317627,4.0883704620298796e-05
"[[49, 96], [26, 2], [23, 64], [52, 59], [49, 5], [32, 28], [23, 97], [10, 20], [47, 97], [60, 31]]",3.3128671734047943,2629.1263670921326,3.883951938928385e-05
"[[49, 96], [26, 2], [23, 64], [52, 59], [49, 5], [32, 28], [23, 97], [10, 20], [47, 97], [59, 31]]",3.3160040768329817,2643.609035253525,3.689754341981966e-05
"[[49, 96], [26, 2], [23, 64], [52, 59], [49, 5], [32, 29], [23, 97], [10, 20], [47, 97], [59, 31]]",3.397828077652911,2658.0693361759186,3.505266624882867e-05
"[[49, 96], [26, 2], [23, 64], [52, 59], [49, 5], [32, 29], [23, 97], [10, 20], [47, 97], [58, 31]]",3.400292787489344,2672.44105219841,3.3300032936387236e-05
"[[49, 96], [26, 2], [23, 64], [52, 59], [49, 5], [32, 29], [23, 97], [10, 20], [47, 97], [57, 31]]",3.403653755448116,2686.821941137314,3.163503128956787e-05
"[[49, 96], [26, 2], [23, 64], [52, 59], [49, 5], [32, 29], [23, 97], [10, 20], [47, 97], [56, 31]]",3.4054462716927945,2701.194315671921,3.0053279725089478e-05
"[[49, 96], [26, 2], [23, 64], [52, 59], [49, 5], [32, 29], [23, 97], [10, 20], [47, 97], [55, 31]]",3.409255368712736,2715.6139731407166,2.8550615738835003e-05
"[[49, 96], [26, 2], [23, 64], [52, 59], [49, 5], [32, 29], [23, 97], [10, 20], [47, 97], [54, 31]]",3.4105997558962446,2730.1321156024933,2.7123084951893252e-05
"[[49, 96], [26, 2], [23, 64], [52, 59], [49, 5], [32, 29], [23, 97], [10, 20], [47, 97], [53, 31]]",3.4137366593244325,2744.524530649185,2.576693070429859e-05
"[[49, 96], [26, 2], [23, 64], [52, 59], [49, 5], [32, 29], [23, 97], [10, 20], [47, 97], [52, 31]]",3.4150810465079413,2758.9332253932953,2.447858416908366e-05
"[[49, 96], [26, 2], [23, 64], [52, 59], [49, 5], [31, 29], [23, 97], [10, 20], [47, 97], [52, 31]]",3.417604242742491,2773.2820551395416,2.3254654960629475e-05
"[[49, 96], [26, 2], [23, 64], [52, 59], [49, 5], [31, 29], [23, 97], [10, 20], [47, 97], [51, 31]]",3.4207411461706783,2787.6743874549866,2.2091922212598e-05
"[[49, 96], [26, 2], [23, 64], [52, 59], [49, 5], [31, 29], [23, 97], [10, 20], [47, 97], [50, 31]]",3.423429920537696,2802.1481034755707,2.09873261019681e-05
"[[49, 96], [26, 2], [23, 64], [52, 59], [49, 5], [31, 29], [23, 97], [10, 20], [47, 97], [49, 31]]",3.425670565843544,2816.7323081493378,1.9937959796869693e-05
"[[49, 96], [26, 2], [23, 64], [52, 59], [49, 5], [31, 29], [23, 97], [10, 20], [47, 97], [49, 32]]",3.427463082088223,2824.6921389102936,1.8941061807026206e-05
"[[49, 96], [26, 2], [23, 64], [52, 59], [49, 5], [31, 29], [23, 97], [10, 20], [47, 97], [49, 33]]",3.4294796628634856,2832.638836622238,1.7994008716674895e-05
"[[49, 96], [26, 2], [23, 64], [52, 59], [49, 5], [31, 29], [23, 97], [10, 20], [47, 97], [49, 34]]",3.4310481145775795,2840.6075451374054,1.7094308280841148e-05
"[[49, 96], [26, 2], [23, 64], [52, 59], [49, 5], [31, 29], [23, 97], [10, 20], [47, 97], [48, 34]]",3.4330646953528428,2848.5641283988953,1.623959286679909e-05
"[[49, 96], [26, 2], [23, 64], [52, 59], [49, 5], [31, 29], [23, 97], [10, 20], [47, 97], [47, 34]]",3.433512824414012,2856.5329644680023,1.5427613223459133e-05
"[[49, 96], [26, 2], [23, 64], [52, 59], [49, 5], [31, 29], [23, 97], [10, 20], [47, 97], [47, 35]]",3.4355294051892757,2864.4585769176483,1.4656232562286176e-05
"[[49, 96], [26, 2], [23, 64], [52, 59], [49, 5], [31, 29], [23, 97], [10, 20], [47, 97], [47, 36]]",3.437321921433954,2872.4030652046204,1.3923420934171866e-05
"[[49, 96], [26, 2], [23, 64], [52, 59], [49, 5], [31, 29], [23, 97], [10, 20], [47, 97], [47, 37]]",3.438890373148048,2880.3885610103607,1.3227249887463272e-05
"[[49, 96], [26, 2], [22, 64], [52, 59], [49, 5], [31, 29], [23, 97], [10, 20], [47, 97], [47, 37]]",3.43857704038232,2888.3158617019653,1.2565887393090107e-05
"[[49, 96], [26, 2], [23, 64], [52, 59], [49, 5], [31, 29], [23, 97], [10, 20], [47, 97], [47, 37]]",3.438890373148048,2896.2510883808136,1.19375930234356e-05
"[[49, 96], [26, 2], [22, 64], [52, 59], [49, 5], [31, 29], [23, 97], [10, 20], [47, 97], [47, 37]]",3.43857704038232,2904.1768589019775,1.134071337226382e-05
"[[49, 96], [26, 2], [23, 64], [52, 59], [49, 5], [31, 29], [23, 97], [10, 20], [47, 97], [47, 37]]",3.438890373148048,2912.1366164684296,1.0773677703650629e-05
"[[49, 96], [26, 2], [22, 64], [52, 59], [49, 5], [31, 29], [23, 97], [10, 20], [47, 97], [47, 37]]",3.43857704038232,2920.2136147022247,1.0234993818468096e-05
"[[49, 96], [26, 2], [23, 64], [52, 59], [49, 5], [31, 29], [23, 97], [10, 20], [47, 97], [47, 37]]",3.438890373148048,2928.170978307724,9.72324412754469e-06
"[[49, 96], [26, 2], [22, 64], [52, 59], [49, 5], [31, 29], [23, 97], [10, 20], [47, 97], [47, 37]]",3.43857704038232,2936.097334623337,9.237081921167456e-06
"[[49, 96], [26, 2], [23, 64], [52, 59], [49, 5], [31, 29], [23, 97], [10, 20], [47, 97], [47, 37]]",3.438890373148048,2944.031031847,8.775227825109082e-06
"[[49, 96], [26, 2], [22, 64], [52, 59], [49, 5], [31, 29], [23, 97], [10, 20], [47, 97], [47, 37]]",3.43857704038232,2952.0078358650208,8.336466433853627e-06
"[[49, 96], [26, 2], [23, 64], [52, 59], [49, 5], [31, 29], [23, 97], [10, 20], [47, 97], [47, 37]]",3.438890373148048,2959.961557149887,7.919643112160946e-06
"[[49, 96], [26, 2], [22, 64], [52, 59], [49, 5], [31, 29], [23, 97], [10, 20], [47, 97], [47, 37]]",3.43857704038232,2967.8854806423187,7.523660956552898e-06
"[[49, 96], [26, 2], [23, 64], [52, 59], [49, 5], [31, 29], [23, 97], [10, 20], [47, 97], [47, 37]]",3.438890373148048,2975.8712482452393,7.147477908725253e-06
"[[49, 96], [26, 2], [22, 64], [52, 59], [49, 5], [31, 29], [23, 97], [10, 20], [47, 97], [47, 37]]",3.43857704038232,2983.82288146019,6.79010401328899e-06
"[[49, 96], [26, 2], [23, 64], [52, 59], [49, 5], [31, 29], [23, 97], [10, 20], [47, 97], [47, 37]]",3.438890373148048,2991.7486674785614,6.45059881262454e-06
"[[49, 96], [26, 2], [22, 64], [52, 59], [49, 5], [31, 29], [23, 97], [10, 20], [47, 97], [47, 37]]",3.43857704038232,2999.792090654373,6.128068871993313e-06
"[[49, 96], [26, 2], [23, 64], [52, 59], [49, 5], [31, 29], [23, 97], [10, 20], [47, 97], [47, 37]]",3.438890373148048,3007.750637769699,5.821665428393647e-06
"[[49, 96], [26, 2], [22, 64], [52, 59], [49, 5], [31, 29], [23, 97], [10, 20], [47, 97], [47, 37]]",3.43857704038232,3015.676877260208,5.530582156973964e-06
"[[49, 96], [26, 2], [23, 64], [52, 59], [49, 5], [31, 29], [23, 97], [10, 20], [47, 97], [47, 37]]",3.438890373148048,3023.6044960021973,5.254053049125266e-06
"[[49, 96], [26, 2], [22, 64], [52, 59], [49, 5], [31, 29], [23, 97], [10, 20], [47, 97], [47, 37]]",3.43857704038232,3031.690289258957,4.991350396669002e-06
"[[49, 96], [26, 2], [23, 64], [52, 59], [49, 5], [31, 29], [23, 97], [10, 20], [47, 97], [47, 37]]",3.438890373148048,3039.6151485443115,4.741782876835552e-06
"[[49, 96], [26, 2], [22, 64], [52, 59], [49, 5], [31, 29], [23, 97], [10, 20], [47, 97], [47, 37]]",3.43857704038232,3047.562843799591,4.504693732993774e-06
"[[49, 96], [26, 2], [23, 64], [52, 59], [49, 5], [31, 29], [23, 97], [10, 20], [47, 97], [47, 37]]",3.438890373148048,3055.504642009735,4.279459046344085e-06
"[[49, 96], [26, 2], [22, 64], [52, 59], [49, 5], [31, 29], [23, 97], [10, 20], [47, 97], [47, 37]]",3.43857704038232,3063.4617817401886,4.065486094026881e-06
"[[49, 96], [26, 2], [23, 64], [52, 59], [49, 5], [31, 29], [23, 97], [10, 20], [47, 97], [47, 37]]",3.438890373148048,3071.4323868751526,3.862211789325536e-06
"[[49, 96], [26, 2], [22, 64], [52, 59], [49, 5], [31, 29], [23, 97], [10, 20], [47, 97], [47, 37]]",3.43857704038232,3079.366612672806,3.6691011998592594e-06
"[[49, 96], [26, 2], [23, 64], [52, 59], [49, 5], [31, 29], [23, 97], [10, 20], [47, 97], [47, 37]]",3.438890373148048,3087.339200735092,3.485646139866296e-06
"[[49, 96], [26, 2], [22, 64], [52, 59], [49, 5], [31, 29], [23, 97], [10, 20], [47, 97], [47, 37]]",3.43857704038232,3095.2636687755585,3.3113638328729812e-06
"[[49, 96], [26, 2], [23, 64], [52, 59], [49, 5], [31, 29], [23, 97], [10, 20], [47, 97], [47, 37]]",3.438890373148048,3103.17133808136,3.145795641229332e-06
"[[49, 96], [26, 2], [22, 64], [52, 59], [49, 5], [31, 29], [23, 97], [10, 20], [47, 97], [47, 37]]",3.43857704038232,3111.121173143387,2.988505859167865e-06
"[[49, 96], [26, 2], [23, 64], [52, 59], [49, 5], [31, 29], [23, 97], [10, 20], [47, 97], [47, 37]]",3.438890373148048,3119.105199575424,2.8390805662094717e-06
"[[49, 96], [26, 2], [22, 64], [52, 59], [49, 5], [31, 29], [23, 97], [10, 20], [47, 97], [47, 37]]",3.43857704038232,3127.052973508835,2.697126537898998e-06
"[[49, 96], [26, 2], [23, 64], [52, 59], [49, 5], [31, 29], [23, 97], [10, 20], [47, 97], [47, 37]]",3.438890373148048,3134.9912803173065,2.562270211004048e-06
"[[49, 96], [26, 2], [22, 64], [52, 59], [49, 5], [31, 29], [23, 97], [10, 20], [47, 97], [47, 37]]",3.43857704038232,3143.124387741089,2.4341567004538453e-06
"[[49, 96], [26, 2], [23, 64], [52, 59], [49, 5], [31, 29], [23, 97], [10, 20], [47, 97], [47, 37]]",3.438890373148048,3151.0783381462097,2.312448865431153e-06
"[[49, 96], [26, 2], [22, 64], [52, 59], [49, 5], [31, 29], [23, 97], [10, 20], [47, 97], [47, 37]]",3.43857704038232,3158.9898042678833,2.196826422159595e-06
"[[49, 96], [26, 2], [23, 64], [52, 59], [49, 5], [31, 29], [23, 97], [10, 20], [47, 97], [47, 37]]",3.438890373148048,3166.9209158420563,2.0869851010516154e-06
"[[49, 96], [26, 2], [22, 64], [52, 59], [49, 5], [31, 29], [23, 97], [10, 20], [47, 97], [47, 37]]",3.43857704038232,3180.9607264995575,1.9826358459990345e-06
"[[49, 96], [26, 2], [23, 64], [52, 59], [49, 5], [31, 29], [23, 97], [10, 20], [47, 97], [47, 37]]",3.438890373148048,3195.3717935085297,1.8835040536990826e-06
"[[49, 96], [26, 2], [22, 64], [52, 59], [49, 5], [31, 29], [23, 97], [10, 20], [47, 97], [47, 37]]",3.43857704038232,3209.7300176620483,1.7893288510141284e-06
"[[49, 96], [26, 2], [23, 64], [52, 59], [49, 5], [31, 29], [23, 97], [10, 20], [47, 97], [47, 37]]",3.438890373148048,3224.090830564499,1.699862408463422e-06
"[[49, 96], [26, 2], [22, 64], [52, 59], [49, 5], [31, 29], [23, 97], [10, 20], [47, 97], [47, 37]]",3.43857704038232,3238.4679470062256,1.6148692880402508e-06
"[[49, 96], [26, 2], [23, 64], [52, 59], [49, 5], [31, 29], [23, 97], [10, 20], [47, 97], [47, 37]]",3.438890373148048,3252.8637251853943,1.534125823638238e-06
"[[49, 96], [26, 2], [22, 64], [52, 59], [49, 5], [31, 29], [23, 97], [10, 20], [47, 97], [47, 37]]",3.43857704038232,3267.2836797237396,1.457419532456326e-06
"[[49, 96], [26, 2], [23, 64], [52, 59], [49, 5], [31, 29], [23, 97], [10, 20], [47, 97], [47, 37]]",3.438890373148048,3281.6774752140045,1.3845485558335097e-06
"[[49, 96], [26, 2], [22, 64], [52, 59], [49, 5], [31, 29], [23, 97], [10, 20], [47, 97], [47, 37]]",3.43857704038232,3296.0689268112183,1.3153211280418342e-06
"[[49, 96], [26, 2], [23, 64], [52, 59], [49, 5], [31, 29], [23, 97], [10, 20], [47, 97], [47, 37]]",3.438890373148048,3310.4698429107666,1.2495550716397424e-06
"[[49, 96], [26, 2], [22, 64], [52, 59], [49, 5], [31, 29], [23, 97], [10, 20], [47, 97], [47, 37]]",3.43857704038232,3324.844174861908,1.1870773180577553e-06
"[[49, 96], [26, 2], [23, 64], [52, 59], [49, 5], [31, 29], [23, 97], [10, 20], [47, 97], [47, 37]]",3.438890373148048,3339.245466709137,1.1277234521548674e-06
"[[49, 96], [26, 2], [22, 64], [52, 59], [49, 5], [31, 29], [23, 97], [10, 20], [47, 97], [47, 37]]",3.43857704038232,3353.81192946434,1.071337279547124e-06
"[[49, 96], [26, 2], [23, 64], [52, 59], [49, 5], [31, 29], [23, 97], [10, 20], [47, 97], [47, 37]]",3.438890373148048,3368.327249765396,1.0177704155697677e-06
"[[49, 96], [26, 2], [22, 64], [52, 59], [49, 5], [31, 29], [23, 97], [10, 20], [47, 97], [47, 37]]",3.43857704038232,3382.728668451309,9.668818947912793e-07
"[[49, 96], [26, 2], [23, 64], [52, 59], [49, 5], [31, 29], [23, 97], [10, 20], [47, 97], [47, 37]]",3.438890373148048,3397.1108746528625,9.185378000517153e-07
"[[49, 96], [26, 2], [22, 64], [52, 59], [49, 5], [31, 29], [23, 97], [10, 20], [47, 97], [47, 37]]",3.43857704038232,3411.635885000229,8.726109100491295e-07
"[[49, 96], [26, 2], [23, 64], [52, 59], [49, 5], [31, 29], [23, 97], [10, 20], [47, 97], [47, 37]]",3.438890373148048,3426.1973078250885,8.28980364546673e-07
"[[49, 96], [26, 2], [22, 64], [52, 59], [49, 5], [31, 29], [23, 97], [10, 20], [47, 97], [47, 37]]",3.43857704038232,3440.5921878814697,7.875313463193393e-07
"[[49, 96], [26, 2], [23, 64], [52, 59], [49, 5], [31, 29], [23, 97], [10, 20], [47, 97], [47, 37]]",3.438890373148048,3454.9694862365723,7.481547790033723e-07
"[[49, 96], [26, 2], [22, 64], [52, 59], [49, 5], [31, 29], [23, 97], [10, 20], [47, 97], [47, 37]]",3.43857704038232,3469.36284327507,7.107470400532036e-07
"[[49, 96], [26, 2], [23, 64], [52, 59], [49, 5], [31, 29], [23, 97], [10, 20], [47, 97], [47, 37]]",3.438890373148048,3483.7772884368896,6.752096880505434e-07
"[[49, 96], [26, 2], [22, 64], [52, 59], [49, 5], [31, 29], [23, 97], [10, 20], [47, 97], [47, 37]]",3.43857704038232,3498.1451964378357,6.414492036480162e-07
"[[49, 96], [26, 2], [23, 64], [52, 59], [49, 5], [31, 29], [23, 97], [10, 20], [47, 97], [47, 37]]",3.438890373148048,3512.608314037323,6.093767434656153e-07
"[[49, 96], [26, 2], [22, 64], [52, 59], [49, 5], [31, 29], [23, 97], [10, 20], [47, 97], [47, 37]]",3.43857704038232,3527.14711022377,5.789079062923345e-07
"[[49, 96], [26, 2], [23, 64], [52, 59], [49, 5], [31, 29], [23, 97], [10, 20], [47, 97], [47, 37]]",3.438890373148048,3541.562084197998,5.499625109777178e-07
"[[49, 96], [26, 2], [22, 64], [52, 59], [49, 5], [31, 29], [23, 97], [10, 20], [47, 97], [47, 37]]",3.43857704038232,3555.947057247162,5.224643854288319e-07
"[[49, 96], [26, 2], [23, 64], [52, 59], [49, 5], [31, 29], [23, 97], [10, 20], [47, 97], [47, 37]]",3.438890373148048,3570.3535232543945,4.963411661573902e-07
"[[49, 96], [26, 2], [22, 64], [52, 59], [49, 5], [31, 29], [23, 97], [10, 20], [47, 97], [47, 37]]",3.43857704038232,3584.76988530159,4.715241078495207e-07
"[[49, 96], [26, 2], [23, 64], [52, 59], [49, 5], [31, 29], [23, 97], [10, 20], [47, 97], [47, 37]]",3.438890373148048,3599.1415355205536,4.4794790245704463e-07
"[[49, 96], [26, 2], [22, 64], [52, 59], [49, 5], [31, 29], [23, 97], [10, 20], [47, 97], [47, 37]]",3.43857704038232,3613.5622701644897,4.255505073341924e-07
"[[49, 96], [26, 2], [23, 64], [52, 59], [49, 5], [31, 29], [23, 97], [10, 20], [47, 97], [47, 37]]",3.438890373148048,3628.001571416855,4.0427298196748275e-07
"[[49, 96], [26, 2], [22, 64], [52, 59], [49, 5], [31, 29], [23, 97], [10, 20], [47, 97], [47, 37]]",3.43857704038232,3642.3782708644867,3.840593328691086e-07
"[[49, 96], [26, 2], [23, 64], [52, 59], [49, 5], [31, 29], [23, 97], [10, 20], [47, 97], [47, 37]]",3.438890373148048,3656.791258096695,3.648563662256532e-07
"[[49, 96], [26, 2], [22, 64], [52, 59], [49, 5], [31, 29], [23, 97], [10, 20], [47, 97], [47, 37]]",3.43857704038232,3671.191137075424,3.466135479143705e-07
"[[49, 96], [26, 2], [23, 64], [52, 59], [49, 5], [31, 29], [23, 97], [10, 20], [47, 97], [47, 37]]",3.438890373148048,3685.6478822231293,3.2928287051865196e-07
"[[49, 96], [26, 2], [22, 64], [52, 59], [49, 5], [31, 29], [23, 97], [10, 20], [47, 97], [47, 37]]",3.43857704038232,3700.0669734477997,3.1281872699271933e-07
"[[49, 96], [26, 2], [23, 64], [52, 59], [49, 5], [31, 29], [23, 97], [10, 20], [47, 97], [47, 37]]",3.438890373148048,3714.5257415771484,2.9717779064308334e-07
"[[49, 96], [26, 2], [22, 64], [52, 59], [49, 5], [31, 29], [23, 97], [10, 20], [47, 97], [47, 37]]",3.43857704038232,3728.94290971756,2.8231890111092917e-07
"[[49, 96], [26, 2], [23, 64], [52, 59], [49, 5], [31, 29], [23, 97], [10, 20], [47, 97], [47, 37]]",3.438890373148048,3743.4034264087677,2.682029560553827e-07
"[[49, 96], [26, 2], [22, 64], [52, 59], [49, 5], [31, 29], [23, 97], [10, 20], [47, 97], [47, 37]]",3.43857704038232,3757.8075227737427,2.5479280825261354e-07
"[[49, 96], [26, 2], [23, 64], [52, 59], [49, 5], [31, 29], [23, 97], [10, 20], [47, 97], [47, 37]]",3.438890373148048,3772.191999435425,2.4205316783998285e-07
"[[49, 96], [26, 2], [22, 64], [52, 59], [49, 5], [31, 29], [23, 97], [10, 20], [47, 97], [47, 37]]",3.43857704038232,3786.631192922592,2.299505094479837e-07
"[[49, 96], [26, 2], [23, 64], [52, 59], [49, 5], [31, 29], [23, 97], [10, 20], [47, 97], [47, 37]]",3.438890373148048,3801.0766077041626,2.1845298397558449e-07
"[[49, 96], [26, 2], [22, 64], [52, 59], [49, 5], [31, 29], [23, 97], [10, 20], [47, 97], [47, 37]]",3.43857704038232,3815.561510324478,2.0753033477680526e-07
"[[49, 96], [26, 2], [23, 64], [52, 59], [49, 5], [31, 29], [23, 97], [10, 20], [47, 97], [47, 37]]",3.438890373148048,3829.9905247688293,1.97153818037965e-07
"[[49, 96], [26, 2], [22, 64], [52, 59], [49, 5], [31, 29], [23, 97], [10, 20], [47, 97], [47, 37]]",3.43857704038232,3844.3678579330444,1.8729612713606673e-07
"[[49, 96], [26, 2], [23, 64], [52, 59], [49, 5], [31, 29], [23, 97], [10, 20], [47, 97], [47, 37]]",3.438890373148048,3858.7687315940857,1.7793132077926338e-07
"[[49, 96], [26, 2], [22, 64], [52, 59], [49, 5], [31, 29], [23, 97], [10, 20], [47, 97], [47, 37]]",3.43857704038232,3873.2785654067993,1.690347547403002e-07
"[[49, 96], [26, 2], [23, 64], [52, 59], [49, 5], [31, 29], [23, 97], [10, 20], [47, 97], [47, 37]]",3.438890373148048,3887.7070474624634,1.6058301700328518e-07
"[[49, 96], [26, 2], [22, 64], [52, 59], [49, 5], [31, 29], [23, 97], [10, 20], [47, 97], [47, 37]]",3.43857704038232,3902.093789577484,1.5255386615312092e-07
"[[49, 96], [26, 2], [23, 64], [52, 59], [49, 5], [31, 29], [23, 97], [10, 20], [47, 97], [47, 37]]",3.438890373148048,3916.5199019908905,1.4492617284546488e-07
"[[49, 96], [26, 2], [22, 64], [52, 59], [49, 5], [31, 29], [23, 97], [10, 20], [47, 97], [47, 37]]",3.43857704038232,3930.921151161194,1.3767986420319162e-07
"[[49, 96], [26, 2], [23, 64], [52, 59], [49, 5], [31, 29], [23, 97], [10, 20], [47, 97], [47, 37]]",3.438890373148048,3945.3294563293457,1.3079587099303203e-07
"[[49, 96], [26, 2], [22, 64], [52, 59], [49, 5], [31, 29], [23, 97], [10, 20], [47, 97], [47, 37]]",3.43857704038232,3959.7991666793823,1.2425607744338041e-07
"[[49, 96], [26, 2], [23, 64], [52, 59], [49, 5], [31, 29], [23, 97], [10, 20], [47, 97], [47, 37]]",3.438890373148048,3974.272391796112,1.1804327357121139e-07
"[[49, 96], [26, 2], [22, 64], [52, 59], [49, 5], [31, 29], [23, 97], [10, 20], [47, 97], [47, 37]]",3.43857704038232,3988.6818170547485,1.1214110989265082e-07
"[[49, 96], [26, 2], [23, 64], [52, 59], [49, 5], [31, 29], [23, 97], [10, 20], [47, 97], [47, 37]]",3.438890373148048,4003.1319308280945,1.0653405439801827e-07
"[[49, 96], [26, 2], [22, 64], [52, 59], [49, 5], [31, 29], [23, 97], [10, 20], [47, 97], [47, 37]]",3.43857704038232,4017.6097123622894,1.0120735167811735e-07
"[[49, 96], [26, 2], [23, 64], [52, 59], [49, 5], [31, 29], [23, 97], [10, 20], [47, 97], [47, 37]]",3.438890373148048,4032.0751061439514,9.614698409421148e-08
"[[49, 96], [26, 2], [22, 64], [52, 59], [49, 5], [31, 29], [23, 97], [10, 20], [47, 97], [47, 37]]",3.43857704038232,4046.464864730835,9.133963488950091e-08
"[[49, 96], [26, 2], [23, 64], [52, 59], [49, 5], [31, 29], [23, 97], [10, 20], [47, 97], [47, 37]]",3.438890373148048,4060.837100982666,8.677265314502586e-08
"[[49, 96], [26, 2], [22, 64], [52, 59], [49, 5], [31, 29], [23, 97], [10, 20], [47, 97], [47, 37]]",3.43857704038232,4075.213996887207,8.243402048777457e-08
"[[49, 96], [26, 2], [23, 64], [52, 59], [49, 5], [31, 29], [23, 97], [10, 20], [47, 97], [47, 37]]",3.438890373148048,4089.6357526779175,7.831231946338584e-08
"[[49, 96], [26, 2], [22, 64], [52, 59], [49, 5], [31, 29], [23, 97], [10, 20], [47, 97], [47, 37]]",3.43857704038232,4104.0798988342285,7.439670349021654e-08
"[[49, 96], [26, 2], [23, 64], [52, 59], [49, 5], [31, 29], [23, 97], [10, 20], [47, 97], [47, 37]]",3.438890373148048,4118.4774050712585,7.067686831570571e-08
"[[49, 96], [26, 2], [22, 64], [52, 59], [49, 5], [31, 29], [23, 97], [10, 20], [47, 97], [47, 37]]",3.43857704038232,4132.928390741348,6.714302489992043e-08
"[[49, 96], [26, 2], [23, 64], [52, 59], [49, 5], [31, 29], [23, 97], [10, 20], [47, 97], [47, 37]]",3.438890373148048,4147.308956861496,6.378587365492441e-08
"[[49, 96], [26, 2], [22, 64], [52, 59], [49, 5], [31, 29], [23, 97], [10, 20], [47, 97], [47, 37]]",3.43857704038232,4161.747698545456,6.059657997217818e-08
"[[49, 96], [26, 2], [23, 64], [52, 59], [49, 5], [31, 29], [23, 97], [10, 20], [47, 97], [47, 37]]",3.438890373148048,4176.139728307724,5.756675097356927e-08
"[[49, 96], [26, 2], [22, 64], [52, 59], [49, 5], [31, 29], [23, 97], [10, 20], [47, 97], [47, 37]]",3.43857704038232,4190.544592618942,5.46884134248908e-08
"[[49, 96], [26, 2], [23, 64], [52, 59], [49, 5], [31, 29], [23, 97], [10, 20], [47, 97], [47, 37]]",3.438890373148048,4205.013012647629,5.1953992753646255e-08
"[[49, 96], [26, 2], [22, 64], [52, 59], [49, 5], [31, 29], [23, 97], [10, 20], [47, 97], [47, 37]]",3.43857704038232,4219.399594783783,4.935629311596394e-08
"[[49, 96], [26, 2], [23, 64], [52, 59], [49, 5], [31, 29], [23, 97], [10, 20], [47, 97], [47, 37]]",3.438890373148048,4233.861036300659,4.688847846016574e-08
"[[49, 96], [26, 2], [22, 64], [52, 59], [49, 5], [31, 29], [23, 97], [10, 20], [47, 97], [47, 37]]",3.43857704038232,4248.245330810547,4.454405453715745e-08
