proposal,fitness,cycle_time,temperature
"[[37, 33], [66, 6], [50, 7], [19, 18], [61, 36], [88, 71], [43, 33], [32, 95], [42, 43], [60, 94]]",1.8303802906944542,13.145435571670532,1.0
"[[37, 33], [66, 6], [50, 7], [19, 18], [61, 36], [88, 71], [43, 33], [32, 95], [42, 43], [59, 94]]",1.8406022882809383,28.28361463546753,0.95
"[[78, 86], [60, 15], [21, 66], [59, 63], [74, 10], [35, 23], [26, 91], [28, 15], [58, 91], [68, 31]]",2.1935885235988826,43.0446093082428,0.9025
"[[78, 86], [60, 15], [21, 66], [59, 63], [74, 10], [35, 23], [26, 91], [27, 15], [58, 91], [68, 31]]",2.2037597341457795,57.82651996612549,0.8573749999999999
"[[78, 86], [60, 15], [21, 66], [59, 63], [74, 10], [35, 23], [26, 91], [27, 15], [57, 91], [68, 31]]",2.2129753167951103,72.55037689208984,0.8145062499999999
"[[78, 86], [60, 15], [21, 66], [59, 63], [74, 10], [35, 23], [26, 91], [27, 15], [56, 91], [68, 31]]",2.2222320540549365,86.95561695098877,0.7737809374999999
"[[78, 86], [60, 15], [21, 66], [59, 63], [74, 10], [35, 23], [26, 91], [27, 15], [55, 91], [68, 31]]",2.2319294492554693,101.39271903038025,0.7350918906249998
"[[78, 86], [60, 15], [21, 66], [59, 63], [74, 10], [35, 23], [26, 91], [27, 15], [54, 91], [68, 31]]",2.2413313829000807,116.18821001052856,0.6983372960937497
"[[78, 86], [60, 15], [21, 66], [59, 63], [74, 10], [35, 23], [26, 91], [27, 15], [53, 91], [68, 31]]",2.250802582968517,130.97216367721558,0.6634204312890623
"[[78, 86], [60, 15], [21, 66], [59, 63], [74, 10], [35, 23], [26, 91], [27, 15], [52, 91], [68, 31]]",2.259788401347347,145.80921053886414,0.6302494097246091
"[[78, 86], [60, 15], [21, 66], [59, 63], [74, 10], [35, 23], [26, 91], [27, 15], [51, 91], [68, 31]]",2.2688307774822514,160.21928358078003,0.5987369392383786
"[[78, 86], [59, 15], [21, 66], [59, 63], [74, 10], [35, 23], [26, 91], [27, 15], [51, 91], [68, 31]]",2.2777366692988688,174.94614505767822,0.5688000922764596
"[[78, 86], [59, 15], [21, 66], [59, 63], [74, 10], [35, 23], [26, 91], [27, 15], [50, 91], [68, 31]]",2.286016284743828,189.35976648330688,0.5403600876626365
"[[78, 86], [59, 15], [21, 66], [59, 63], [74, 10], [35, 23], [26, 91], [26, 15], [50, 91], [68, 31]]",2.2938432665500708,204.09029483795166,0.5133420832795047
"[[78, 86], [59, 15], [21, 66], [59, 63], [74, 10], [35, 24], [26, 91], [26, 15], [50, 91], [68, 31]]",2.301600414727964,218.50335001945496,0.48767497911552943
"[[78, 86], [58, 15], [21, 66], [59, 63], [74, 10], [35, 24], [26, 91], [26, 15], [50, 91], [68, 31]]",2.309172213211787,233.3030276298523,0.46329123015975293
"[[78, 86], [57, 15], [21, 66], [59, 63], [74, 10], [35, 24], [26, 91], [26, 15], [50, 91], [68, 31]]",2.316950219991312,248.0619626045227,0.44012666865176525
"[[78, 86], [57, 15], [21, 66], [58, 63], [74, 10], [35, 24], [26, 91], [26, 15], [50, 91], [68, 31]]",2.3242979539445505,262.47966718673706,0.41812033521917696
"[[78, 86], [57, 15], [21, 66], [57, 63], [74, 10], [35, 24], [26, 91], [26, 15], [50, 91], [68, 31]]",2.3316278316629058,276.95372128486633,0.3972143184582181
"[[78, 86], [57, 15], [21, 66], [57, 63], [74, 10], [35, 25], [26, 91], [26, 15], [50, 91], [68, 31]]",2.3386156955806907,291.4353141784668,0.37735360253530714
"[[78, 86], [57, 15], [21, 66], [57, 63], [74, 10], [35, 26], [26, 91], [26, 15], [50, 91], [68, 31]]",2.345708239656529,303.6127099990845,0.35848592240854177
"[[78, 86], [57, 15], [21, 65], [57, 63], [74, 10], [35, 26], [26, 91], [26, 15], [50, 91], [68, 31]]",2.3525683227513494,314.66372656822205,0.34056162628811465
"[[78, 86], [57, 15], [21, 65], [56, 63], [74, 10], [35, 26], [26, 91], [26, 15], [50, 91], [68, 31]]",2.3594009847707103,329.56941080093384,0.3235335449737089
"[[78, 86], [57, 15], [21, 65], [56, 62], [74, 10], [35, 26], [26, 91], [26, 15], [50, 91], [68, 31]]",2.3664431785970725,344.0148735046387,0.30735686772502346
"[[78, 86], [57, 15], [21, 65], [55, 62], [74, 10], [35, 26], [26, 91], [26, 15], [50, 91], [68, 31]]",2.3729575634735043,358.38637948036194,0.2919890243387723
"[[78, 86], [57, 15], [21, 65], [55, 61], [74, 10], [35, 26], [26, 91], [26, 15], [50, 91], [68, 31]]",2.3798467852699288,372.67087149620056,0.27738957312183365
"[[78, 86], [57, 15], [21, 65], [54, 61], [74, 10], [35, 26], [26, 91], [26, 15], [50, 91], [68, 31]]",2.3866915182667148,387.30330514907837,0.263520094465742
"[[78, 86], [57, 15], [21, 65], [54, 60], [74, 10], [35, 26], [26, 91], [26, 15], [50, 91], [68, 31]]",2.393666455610197,401.57015585899353,0.25034408974245487
"[[78, 86], [57, 15], [21, 65], [53, 60], [74, 10], [35, 26], [26, 91], [26, 15], [50, 91], [68, 31]]",2.400360055559535,415.8361134529114,0.2378268852553321
"[[78, 86], [57, 15], [21, 65], [53, 59], [74, 10], [35, 26], [26, 91], [26, 15], [50, 91], [68, 31]]",2.406767692784665,430.10761404037476,0.2259355409925655
"[[78, 86], [57, 15], [21, 65], [52, 59], [74, 10], [35, 26], [26, 91], [26, 15], [50, 91], [68, 31]]",2.413485060070347,444.3903682231903,0.2146387639429372
"[[78, 86], [57, 15], [21, 65], [52, 59], [74, 10], [35, 26], [26, 91], [26, 15], [50, 92], [68, 31]]",2.4197177629097606,458.71467185020447,0.20390682574579033
"[[78, 86], [57, 15], [22, 65], [52, 59], [74, 10], [35, 26], [26, 91], [26, 15], [50, 92], [68, 31]]",2.5162293857316644,473.0087330341339,0.1937114844585008
"[[78, 86], [57, 15], [22, 65], [52, 59], [74, 10], [35, 26], [26, 91], [26, 15], [49, 92], [68, 31]]",2.5232131455750135,487.263836145401,0.18402591023557577
"[[78, 86], [57, 15], [22, 65], [52, 59], [74, 10], [35, 26], [26, 91], [26, 15], [49, 93], [68, 31]]",2.5307997861036364,501.55174374580383,0.17482461472379698
"[[78, 86], [57, 15], [22, 64], [52, 59], [74, 10], [35, 26], [26, 91], [26, 15], [49, 93], [68, 31]]",2.5368927996944026,515.8341588973999,0.16608338398760714
"[[78, 86], [57, 15], [22, 64], [52, 59], [74, 10], [35, 27], [26, 91], [26, 15], [49, 93], [68, 31]]",2.5428601985163564,530.4227032661438,0.15777921478822676
"[[78, 86], [57, 15], [22, 64], [52, 59], [74, 10], [35, 27], [26, 91], [26, 15], [49, 94], [68, 31]]",2.5485578284768655,544.6796324253082,0.14989025404881542
"[[78, 86], [57, 14], [22, 64], [52, 59], [74, 10], [35, 27], [26, 91], [26, 15], [49, 94], [68, 31]]",2.553593837153136,558.9129300117493,0.14239574134637464
"[[78, 86], [56, 14], [22, 64], [52, 59], [74, 10], [35, 27], [26, 91], [26, 15], [49, 94], [68, 31]]",2.561312361669665,573.1886653900146,0.1352759542790559
"[[78, 86], [55, 14], [22, 64], [52, 59], [74, 10], [35, 27], [26, 91], [26, 15], [49, 94], [68, 31]]",2.5678267465460967,587.4270007610321,0.1285121565651031
"[[78, 86], [55, 13], [22, 64], [52, 59], [74, 10], [35, 27], [26, 91], [26, 15], [49, 94], [68, 31]]",2.5733715811590123,601.6842243671417,0.12208654873684793
"[[78, 86], [54, 13], [22, 64], [52, 59], [74, 10], [35, 27], [26, 91], [26, 15], [49, 94], [68, 31]]",2.579544120564044,615.9017770290375,0.11598222130000553
"[[78, 86], [54, 12], [22, 64], [52, 59], [74, 10], [35, 27], [26, 91], [26, 15], [49, 94], [68, 31]]",2.5853987352546026,630.1659905910492,0.11018311023500525
"[[78, 86], [53, 12], [22, 64], [52, 59], [74, 10], [35, 27], [26, 91], [26, 15], [49, 94], [68, 31]]",2.5918682706733547,644.4674508571625,0.10467395472325498
"[[78, 86], [52, 12], [22, 64], [52, 59], [74, 10], [35, 27], [26, 91], [26, 15], [49, 94], [68, 31]]",2.597414741977758,658.885735988617,0.09944025698709223
"[[78, 86], [52, 11], [22, 64], [52, 59], [74, 10], [35, 27], [26, 91], [26, 15], [49, 94], [68, 31]]",2.6036488880006585,673.2456333637238,0.09446824413773762
"[[78, 86], [52, 10], [22, 64], [52, 59], [74, 10], [35, 27], [26, 91], [26, 15], [49, 94], [68, 31]]",2.609514593580882,687.531658411026,0.08974483193085074
"[[78, 86], [51, 10], [22, 64], [52, 59], [74, 10], [35, 27], [26, 91], [26, 15], [49, 94], [68, 31]]",2.6152832892165856,701.8763818740845,0.0852575903343082
"[[78, 86], [51, 9], [22, 64], [52, 59], [74, 10], [35, 27], [26, 91], [26, 15], [49, 94], [68, 31]]",2.620864323658526,716.2445352077484,0.08099471081759278
"[[78, 86], [51, 8], [22, 64], [52, 59], [74, 10], [35, 27], [26, 91], [26, 15], [49, 94], [68, 31]]",2.626475504659255,730.4779787063599,0.07694497527671314
"[[78, 86], [50, 8], [22, 64], [52, 59], [74, 10], [35, 27], [26, 91], [26, 15], [49, 94], [68, 31]]",2.6329119321064653,744.7781763076782,0.07309772651287748
"[[78, 86], [50, 7], [22, 64], [52, 59], [74, 10], [35, 27], [26, 91], [26, 15], [49, 94], [68, 31]]",2.638751952908147,759.0762531757355,0.0694428401872336
"[[78, 86], [50, 7], [22, 64], [52, 59], [74, 10], [35, 27], [26, 91], [25, 15], [49, 94], [68, 31]]",2.649149124464479,773.3456010818481,0.0659706981778719
"[[78, 86], [50, 7], [22, 64], [52, 59], [74, 10], [35, 27], [26, 91], [24, 15], [49, 94], [68, 31]]",2.657177411139636,787.6472589969635,0.0626721632689783
"[[78, 86], [50, 7], [22, 64], [52, 59], [74, 10], [35, 27], [26, 91], [23, 15], [49, 94], [68, 31]]",2.766559413623798,801.9579284191132,0.059538555105529384
"[[78, 86], [50, 7], [22, 64], [52, 59], [74, 10], [35, 27], [26, 91], [22, 15], [49, 94], [68, 31]]",2.7774169055357314,816.4227764606476,0.05656162735025291
"[[78, 86], [50, 7], [22, 64], [52, 59], [74, 10], [35, 27], [26, 91], [21, 15], [49, 94], [68, 31]]",2.786877358368063,830.8614673614502,0.053733545982740265
"[[78, 86], [50, 7], [22, 64], [52, 59], [74, 10], [35, 27], [26, 91], [20, 15], [49, 94], [68, 31]]",2.7947111931255684,845.3601796627045,0.05104686868360325
"[[78, 86], [50, 7], [22, 64], [52, 59], [74, 10], [35, 27], [26, 91], [19, 15], [49, 94], [68, 31]]",2.8018087076541414,859.8086240291595,0.04849452524942309
"[[78, 86], [50, 7], [22, 64], [52, 59], [74, 10], [35, 27], [26, 91], [18, 15], [49, 94], [68, 31]]",2.8083863867346266,874.226261138916,0.04606979898695193
"[[78, 86], [50, 7], [22, 64], [52, 59], [74, 10], [35, 27], [26, 91], [17, 15], [49, 94], [68, 31]]",2.815330456863094,888.7016112804413,0.04376630903760433
"[[78, 86], [49, 7], [22, 64], [52, 59], [74, 10], [35, 27], [26, 91], [17, 15], [49, 94], [68, 31]]",2.821820191127536,903.2347342967987,0.041577993585724116
"[[78, 86], [49, 6], [22, 64], [52, 59], [74, 10], [35, 27], [26, 91], [17, 15], [49, 94], [68, 31]]",2.8279659501492147,917.7371909618378,0.03949909390643791
"[[78, 86], [49, 6], [22, 64], [52, 59], [74, 10], [35, 27], [26, 91], [17, 16], [49, 94], [68, 31]]",2.83339089355663,932.1618473529816,0.03752413921111601
"[[78, 86], [49, 6], [22, 64], [52, 59], [74, 10], [35, 27], [26, 91], [16, 16], [49, 94], [68, 31]]",2.839579073961378,946.6653411388397,0.03564793225056021
"[[78, 86], [49, 6], [22, 64], [52, 59], [74, 10], [35, 27], [26, 91], [16, 17], [49, 94], [68, 31]]",2.845413685114745,961.1209418773651,0.0338655356380322
"[[78, 86], [49, 6], [22, 64], [52, 59], [74, 10], [35, 27], [26, 91], [15, 17], [49, 94], [68, 31]]",2.850600674620165,975.6011776924133,0.032172258856130585
"[[78, 86], [49, 6], [22, 64], [52, 59], [74, 10], [35, 27], [26, 91], [15, 18], [49, 94], [68, 31]]",2.8566309717421126,990.123119354248,0.030563645913324056
"[[78, 86], [49, 6], [22, 64], [52, 59], [74, 10], [35, 27], [26, 91], [15, 19], [49, 94], [68, 31]]",2.862147028160193,1004.7270426750183,0.029035463617657853
"[[78, 86], [49, 5], [22, 64], [52, 59], [74, 10], [35, 27], [26, 91], [15, 19], [49, 94], [68, 31]]",2.867175099593109,1019.2415978908539,0.027583690436774957
"[[78, 86], [49, 5], [22, 64], [52, 59], [74, 10], [35, 27], [26, 91], [14, 19], [49, 94], [68, 31]]",2.8720491510514874,1033.7452075481415,0.02620450591493621
"[[78, 86], [49, 5], [22, 64], [52, 59], [74, 10], [35, 27], [26, 91], [14, 20], [49, 94], [68, 31]]",2.877329802319032,1048.2482914924622,0.0248942806191894
"[[78, 86], [49, 5], [22, 64], [52, 59], [74, 10], [35, 27], [26, 91], [13, 20], [49, 94], [68, 31]]",2.8826955232181115,1062.7686018943787,0.023649566588229927
"[[78, 86], [48, 5], [22, 64], [52, 59], [74, 10], [35, 27], [26, 91], [13, 20], [49, 94], [68, 31]]",2.8888818962919753,1077.2634537220001,0.022467088258818428
"[[78, 86], [48, 4], [22, 64], [52, 59], [74, 10], [35, 27], [26, 91], [13, 20], [49, 94], [68, 31]]",2.9018845359338714,1092.0501787662506,0.021343733845877507
"[[78, 86], [48, 4], [22, 64], [52, 59], [74, 10], [35, 27], [26, 91], [12, 20], [49, 94], [68, 31]]",2.907913004687943,1106.4965147972107,0.02027654715358363
"[[78, 86], [48, 4], [22, 64], [52, 59], [74, 10], [35, 27], [26, 92], [12, 20], [49, 94], [68, 31]]",2.912597781007544,1120.9954562187195,0.019262719795904448
"[[78, 86], [48, 4], [22, 64], [52, 59], [74, 10], [35, 27], [26, 93], [12, 20], [49, 94], [68, 31]]",2.917088639355349,1135.4216380119324,0.018299583806109226
"[[78, 86], [48, 4], [22, 64], [52, 59], [74, 10], [35, 27], [25, 93], [12, 20], [49, 94], [68, 31]]",2.9217325505578815,1149.8248672485352,0.017384604615803764
"[[78, 86], [48, 4], [22, 64], [52, 59], [74, 10], [35, 27], [24, 93], [12, 20], [49, 94], [68, 31]]",2.9258034715036274,1164.2606902122498,0.016515374385013576
"[[78, 86], [48, 4], [22, 64], [52, 59], [74, 10], [35, 27], [24, 94], [12, 20], [49, 94], [68, 31]]",2.931597595787572,1178.7335550785065,0.015689605665762895
"[[78, 86], [48, 4], [22, 64], [52, 59], [74, 10], [35, 27], [24, 95], [12, 20], [49, 94], [68, 31]]",2.936174903095157,1193.3017275333405,0.01490512538247475
"[[78, 86], [48, 4], [22, 64], [52, 59], [74, 10], [35, 27], [23, 95], [12, 20], [49, 94], [68, 31]]",2.9421423019171105,1207.7412428855896,0.014159869113351011
"[[78, 86], [48, 4], [22, 64], [52, 59], [74, 10], [35, 27], [23, 96], [12, 20], [49, 94], [68, 31]]",2.9467461013945764,1222.1841442584991,0.01345187565768346
"[[78, 86], [48, 4], [22, 64], [52, 59], [74, 10], [35, 27], [23, 97], [12, 20], [49, 94], [68, 31]]",2.9569515141366622,1236.7122309207916,0.012779281874799287
"[[78, 86], [48, 4], [22, 64], [52, 59], [74, 10], [34, 27], [23, 97], [12, 20], [49, 94], [68, 31]]",2.9606590554917886,1251.2101612091064,0.012140317781059323
"[[78, 86], [48, 4], [22, 64], [52, 59], [74, 10], [33, 27], [23, 97], [12, 20], [49, 94], [68, 31]]",2.972432919947968,1265.644122838974,0.011533301892006355
"[[78, 86], [48, 4], [22, 64], [52, 59], [74, 10], [32, 27], [23, 97], [12, 20], [49, 94], [68, 31]]",3.0026472952712773,1280.067212820053,0.010956636797406038
"[[78, 86], [48, 4], [22, 64], [52, 59], [74, 10], [32, 28], [23, 97], [12, 20], [49, 94], [68, 31]]",3.0663831776221784,1294.5383174419403,0.010408804957535735
"[[78, 86], [48, 4], [22, 64], [52, 59], [74, 10], [32, 28], [23, 97], [11, 20], [49, 94], [68, 31]]",3.070357786680817,1309.0814270973206,0.009888364709658948
"[[78, 86], [48, 4], [22, 64], [52, 59], [74, 10], [32, 28], [23, 97], [11, 20], [49, 95], [68, 31]]",3.0735933418690538,1323.5800676345825,0.009393946474176
"[[78, 86], [48, 4], [22, 64], [52, 59], [74, 10], [32, 28], [23, 97], [11, 20], [48, 95], [68, 31]]",3.0789124042049725,1338.0662860870361,0.0089242491504672
"[[78, 86], [48, 4], [22, 64], [52, 59], [74, 10], [32, 28], [23, 97], [11, 20], [48, 96], [68, 31]]",3.090462204130567,1352.696179151535,0.008478036692943839
"[[78, 86], [48, 4], [22, 64], [52, 59], [74, 10], [32, 28], [23, 97], [11, 20], [48, 96], [67, 31]]",3.0927028494364155,1367.3709630966187,0.008054134858296647
"[[78, 86], [48, 4], [22, 64], [52, 59], [74, 10], [32, 28], [23, 97], [11, 20], [48, 96], [66, 31]]",3.0949434947422634,1381.7276809215546,0.0076514281153818135
"[[78, 86], [48, 4], [22, 64], [52, 59], [74, 10], [32, 28], [23, 97], [11, 20], [48, 96], [65, 31]]",3.097632269109281,1392.357587814331,0.0072688567096127225
"[[78, 86], [48, 4], [22, 64], [52, 59], [74, 10], [32, 28], [23, 97], [11, 20], [48, 96], [64, 31]]",3.0994247853539596,1400.3573679924011,0.006905413874132086
"[[78, 86], [48, 4], [22, 64], [52, 59], [74, 10], [32, 28], [23, 97], [11, 20], [48, 96], [63, 31]]",3.1025616887821466,1408.3578698635101,0.006560143180425482
"[[78, 86], [48, 4], [22, 64], [52, 59], [74, 10], [32, 28], [23, 97], [10, 20], [48, 96], [63, 31]]",3.1034997558495316,1416.3184278011322,0.0062321360214042075
"[[77, 86], [48, 4], [22, 64], [52, 59], [74, 10], [32, 28], [23, 97], [10, 20], [48, 96], [63, 31]]",3.103947884910701,1424.266227722168,0.005920529220333997
"[[76, 86], [48, 4], [22, 64], [52, 59], [74, 10], [32, 28], [23, 97], [10, 20], [48, 96], [63, 31]]",3.1043960139718707,1432.3193039894104,0.0056245027593172965
"[[75, 86], [48, 4], [22, 64], [52, 59], [74, 10], [32, 28], [23, 97], [10, 20], [48, 96], [63, 31]]",3.1048441430330405,1440.389583826065,0.005343277621351432
"[[75, 86], [48, 4], [22, 64], [52, 59], [73, 10], [32, 28], [23, 97], [10, 20], [48, 96], [63, 31]]",3.1052922720942098,1448.418672800064,0.0050761137402838595
"[[75, 86], [48, 4], [22, 64], [52, 59], [72, 10], [32, 28], [23, 97], [10, 20], [48, 96], [63, 31]]",3.1057404011553795,1456.4743885993958,0.004822308053269666
"[[75, 86], [48, 4], [23, 64], [52, 59], [72, 10], [32, 28], [23, 97], [10, 20], [48, 96], [63, 31]]",3.1060537339211067,1464.4839582443237,0.004581192650606183
"[[74, 86], [48, 4], [23, 64], [52, 59], [72, 10], [32, 28], [23, 97], [10, 20], [48, 96], [63, 31]]",3.106277798451692,1472.4977350234985,0.0043521330180758735
"[[73, 86], [48, 4], [23, 64], [52, 59], [72, 10], [32, 28], [23, 97], [10, 20], [48, 96], [63, 31]]",3.106949992043446,1480.4578459262848,0.0041345263671720795
"[[72, 86], [48, 4], [23, 64], [52, 59], [72, 10], [32, 28], [23, 97], [10, 20], [48, 96], [63, 31]]",3.1071740565740305,1488.5042107105255,0.003927800048813475
"[[71, 86], [48, 4], [23, 64], [52, 59], [72, 10], [32, 28], [23, 97], [10, 20], [48, 96], [63, 31]]",3.1076221856352007,1496.482659816742,0.0037314100463728015
"[[70, 86], [48, 4], [23, 64], [52, 59], [72, 10], [32, 28], [23, 97], [10, 20], [48, 96], [63, 31]]",3.1078462501657853,1507.11234998703,0.0035448395440541612
"[[69, 86], [48, 4], [23, 64], [52, 59], [72, 10], [32, 28], [23, 97], [10, 20], [48, 96], [63, 31]]",3.1082943792269546,1521.5142843723297,0.003367597566851453
"[[68, 86], [48, 4], [23, 64], [52, 59], [72, 10], [32, 28], [23, 97], [10, 20], [48, 96], [63, 31]]",3.1087425082881244,1535.9088978767395,0.00319921768850888
"[[67, 86], [48, 4], [23, 64], [52, 59], [72, 10], [32, 28], [23, 97], [10, 20], [48, 96], [63, 31]]",3.109190637349294,1550.2825179100037,0.003039256804083436
"[[66, 86], [48, 4], [23, 64], [52, 59], [72, 10], [32, 28], [23, 97], [10, 20], [48, 96], [63, 31]]",3.109414701879879,1564.6712431907654,0.0028872939638792637
"[[65, 86], [48, 4], [23, 64], [52, 59], [72, 10], [32, 28], [23, 97], [10, 20], [48, 96], [63, 31]]",3.1098628309410485,1579.1038811206818,0.0027429292656853004
"[[64, 86], [48, 4], [23, 64], [52, 59], [72, 10], [32, 28], [23, 97], [10, 20], [48, 96], [63, 31]]",3.110086895471633,1593.5843303203583,0.0026057828024010354
"[[63, 86], [48, 4], [23, 64], [52, 59], [72, 10], [32, 28], [23, 97], [10, 20], [48, 96], [63, 31]]",3.110535024532803,1606.1800422668457,0.0024754936622809836
"[[62, 86], [48, 4], [23, 64], [52, 59], [72, 10], [32, 28], [23, 97], [10, 20], [48, 96], [63, 31]]",3.1109831535939723,1614.188277721405,0.002351718979166934
"[[61, 86], [48, 4], [23, 64], [52, 59], [72, 10], [32, 28], [23, 97], [10, 20], [48, 96], [63, 31]]",3.1112072181245574,1622.171456336975,0.0022341330302085875
"[[60, 86], [48, 4], [23, 64], [52, 59], [72, 10], [32, 28], [23, 97], [10, 20], [48, 96], [63, 31]]",3.111431282655142,1630.3071563243866,0.002122426378698158
"[[60, 87], [48, 4], [23, 64], [52, 59], [72, 10], [32, 28], [23, 97], [10, 20], [48, 96], [63, 31]]",3.1118794117163118,1643.2804114818573,0.0020163050597632503
"[[59, 87], [48, 4], [23, 64], [52, 59], [72, 10], [32, 28], [23, 97], [10, 20], [48, 96], [63, 31]]",3.1121034762468964,1657.673779964447,0.0019154898067750877
"[[59, 87], [48, 4], [23, 64], [52, 59], [72, 10], [32, 28], [23, 97], [10, 20], [47, 96], [63, 31]]",3.112590938953751,1672.110425233841,0.0018197153164363333
"[[58, 87], [48, 4], [23, 64], [52, 59], [72, 10], [32, 28], [23, 97], [10, 20], [47, 96], [63, 31]]",3.1137112616066753,1686.5691936016083,0.0017287295506145165
"[[57, 87], [48, 4], [23, 64], [52, 59], [72, 10], [32, 28], [23, 97], [10, 20], [47, 96], [63, 31]]",3.115055648790184,1701.0215203762054,0.0016422930730837905
"[[56, 87], [48, 4], [23, 64], [52, 59], [72, 10], [32, 28], [23, 97], [10, 20], [47, 96], [63, 31]]",3.1161759714431083,1715.4827950000763,0.0015601784194296008
"[[56, 88], [48, 4], [23, 64], [52, 59], [72, 10], [32, 28], [23, 97], [10, 20], [47, 96], [63, 31]]",3.117072229565448,1729.076895236969,0.0014821694984581207
"[[55, 88], [48, 4], [23, 64], [52, 59], [72, 10], [32, 28], [23, 97], [10, 20], [47, 96], [63, 31]]",3.117744423157202,1743.5158252716064,0.0014080610235352145
"[[55, 89], [48, 4], [23, 64], [52, 59], [72, 10], [32, 28], [23, 97], [10, 20], [47, 96], [63, 31]]",3.1186406812795413,1757.997878074646,0.0013376579723584536
"[[55, 90], [48, 4], [23, 64], [52, 59], [72, 10], [32, 28], [23, 97], [10, 20], [47, 96], [63, 31]]",3.1193128748712957,1772.4864645004272,0.0012707750737405309
"[[54, 90], [48, 4], [23, 64], [52, 59], [72, 10], [32, 28], [23, 97], [10, 20], [47, 96], [63, 31]]",3.120209132993635,1786.9758625030518,0.0012072363200535043
"[[53, 90], [48, 4], [23, 64], [52, 59], [72, 10], [32, 28], [23, 97], [10, 20], [47, 96], [63, 31]]",3.1211053911159743,1801.3794288635254,0.001146874504050829
"[[53, 91], [48, 4], [23, 64], [52, 59], [72, 10], [32, 28], [23, 97], [10, 20], [47, 96], [63, 31]]",3.1217775847077283,1815.7976496219635,0.0010895307788482875
"[[53, 92], [48, 4], [23, 64], [52, 59], [72, 10], [32, 28], [23, 97], [10, 20], [47, 96], [63, 31]]",3.122449778299483,1830.3083789348602,0.001035054239905873
"[[52, 92], [48, 4], [23, 64], [52, 59], [72, 10], [32, 28], [23, 97], [10, 20], [47, 96], [63, 31]]",3.1228979073606524,1844.7129237651825,0.0009833015279105794
"[[52, 92], [48, 4], [23, 64], [52, 59], [72, 10], [32, 28], [23, 97], [10, 20], [47, 97], [63, 31]]",3.1242029608984763,1859.138456106186,0.0009341364515150504
"[[51, 92], [48, 4], [23, 64], [52, 59], [72, 10], [32, 28], [23, 97], [10, 20], [47, 97], [63, 31]]",3.1253232835514,1873.613806962967,0.0008874296289392978
"[[50, 92], [48, 4], [23, 64], [52, 59], [72, 10], [32, 28], [23, 97], [10, 20], [47, 97], [63, 31]]",3.1257714126125697,1888.082627773285,0.0008430581474923328
"[[50, 93], [48, 4], [23, 64], [52, 59], [72, 10], [32, 28], [23, 97], [10, 20], [47, 97], [63, 31]]",3.126443606204324,1902.5684299468994,0.0008009052401177162
"[[50, 94], [48, 4], [23, 64], [52, 59], [72, 10], [32, 28], [23, 97], [10, 20], [47, 97], [63, 31]]",3.127115799796079,1917.1191620826721,0.0007608599781118304
"[[50, 95], [48, 4], [23, 64], [52, 59], [72, 10], [32, 28], [23, 97], [10, 20], [47, 97], [63, 31]]",3.127787993387833,1931.5943818092346,0.0007228169792062388
"[[49, 95], [48, 4], [23, 64], [52, 59], [72, 10], [32, 28], [23, 97], [10, 20], [47, 97], [63, 31]]",3.1280120579184176,1946.0495674610138,0.0006866761302459269
"[[49, 96], [48, 4], [23, 64], [52, 59], [72, 10], [32, 28], [23, 97], [10, 20], [47, 97], [63, 31]]",3.128908316040757,1960.5157687664032,0.0006523423237336305
"[[49, 96], [48, 4], [23, 64], [52, 59], [71, 10], [32, 28], [23, 97], [10, 20], [47, 97], [63, 31]]",3.129132380571342,1974.9510049819946,0.0006197252075469489
"[[49, 96], [48, 4], [23, 64], [52, 59], [70, 10], [32, 28], [23, 97], [10, 20], [47, 97], [63, 31]]",3.1298045741630967,1989.5835406780243,0.0005887389471696014
"[[49, 96], [48, 4], [23, 64], [52, 59], [69, 10], [32, 28], [23, 97], [10, 20], [47, 97], [63, 31]]",3.1300286386936813,2004.1660177707672,0.0005593019998111214
"[[49, 96], [48, 4], [23, 64], [52, 59], [68, 10], [32, 28], [23, 97], [10, 20], [47, 97], [63, 31]]",3.1307008322854357,2018.6165583133698,0.0005313368998205653
"[[49, 96], [48, 4], [23, 64], [52, 59], [67, 10], [32, 28], [23, 97], [10, 20], [47, 97], [63, 31]]",3.1307008322854357,2033.0452032089233,0.0005047700548295369
"[[49, 96], [48, 4], [23, 64], [52, 59], [66, 10], [32, 28], [23, 97], [10, 20], [47, 97], [63, 31]]",3.131597090407775,2047.4675896167755,0.00047953155208806006
"[[49, 96], [48, 4], [23, 64], [52, 59], [65, 10], [32, 28], [23, 97], [10, 20], [47, 97], [63, 31]]",3.131597090407775,2061.86239862442,0.000455554974483657
"[[49, 96], [48, 4], [23, 64], [52, 59], [64, 10], [32, 28], [23, 97], [10, 20], [47, 97], [63, 31]]",3.132269283999529,2069.954097509384,0.0004327772257594741
"[[49, 96], [48, 4], [23, 64], [52, 59], [63, 10], [32, 28], [23, 97], [10, 20], [47, 97], [63, 31]]",3.1324933485301143,2077.9434156417847,0.0004111383644715004
"[[49, 96], [48, 4], [23, 64], [52, 59], [62, 10], [32, 28], [23, 97], [10, 20], [47, 97], [63, 31]]",3.1329414775912836,2090.6405704021454,0.00039058144624792536
"[[49, 96], [47, 4], [23, 64], [52, 59], [62, 10], [32, 28], [23, 97], [10, 20], [47, 97], [63, 31]]",3.134834430920643,2105.0101158618927,0.0003710523739355291
"[[49, 96], [47, 4], [23, 64], [52, 59], [61, 10], [32, 28], [23, 97], [10, 20], [47, 97], [63, 31]]",3.1370750762264907,2119.4447541236877,0.00035249975523875265
"[[49, 96], [47, 4], [23, 64], [52, 59], [60, 10], [32, 28], [23, 97], [10, 20], [47, 97], [63, 31]]",3.1386435279405847,2133.8847694396973,0.000334874767476815
"[[49, 96], [47, 4], [23, 64], [52, 59], [59, 10], [32, 28], [23, 97], [10, 20], [47, 97], [63, 31]]",3.1406601087158474,2148.3093757629395,0.00031813102910297424
"[[49, 96], [47, 4], [23, 64], [52, 59], [58, 10], [32, 28], [23, 97], [10, 20], [47, 97], [63, 31]]",3.1422285604299414,2162.739742040634,0.0003022244776478255
"[[49, 96], [47, 4], [23, 64], [52, 59], [57, 10], [32, 28], [23, 97], [10, 20], [47, 97], [63, 31]]",3.14357294761345,2177.1039390563965,0.0002871132537654342
"[[49, 96], [47, 4], [23, 64], [52, 59], [56, 10], [32, 28], [23, 97], [10, 20], [47, 97], [63, 31]]",3.1455895283887134,2191.5417001247406,0.00027275759107716247
"[[49, 96], [47, 4], [23, 64], [52, 59], [55, 10], [32, 28], [23, 97], [10, 20], [47, 97], [63, 31]]",3.1467098510416376,2206.028641939163,0.00025911971152330434
"[[49, 96], [47, 4], [23, 64], [52, 59], [54, 10], [32, 28], [23, 97], [10, 20], [47, 97], [63, 31]]",3.148278302755731,2220.4568276405334,0.00024616372594713913
"[[49, 96], [46, 4], [23, 64], [52, 59], [54, 10], [32, 28], [23, 97], [10, 20], [47, 97], [63, 31]]",3.1504706517890635,2234.91787314415,0.00023385553964978215
"[[49, 96], [46, 4], [23, 64], [52, 59], [53, 10], [32, 28], [23, 97], [10, 20], [47, 97], [63, 31]]",3.1520391035031574,2249.38507771492,0.00022216276266729304
"[[49, 96], [46, 4], [23, 64], [52, 59], [52, 10], [32, 28], [23, 97], [10, 20], [47, 97], [63, 31]]",3.153159426156081,2263.772484064102,0.00021105462453392839
"[[49, 96], [45, 4], [23, 64], [52, 59], [52, 10], [32, 28], [23, 97], [10, 20], [47, 97], [63, 31]]",3.1544532451829665,2277.6084673404694,0.00020050189330723196
"[[49, 96], [44, 4], [23, 64], [52, 59], [52, 10], [32, 28], [23, 97], [10, 20], [47, 97], [63, 31]]",3.1559656540200987,2285.5759134292603,0.00019047679864187035
"[[49, 96], [43, 4], [23, 64], [52, 59], [52, 10], [32, 28], [23, 97], [10, 20], [47, 97], [63, 31]]",3.1569239385034935,2293.5132071971893,0.00018095295870977683
"[[49, 96], [42, 4], [23, 64], [52, 59], [52, 10], [32, 28], [23, 97], [10, 20], [47, 97], [63, 31]]",3.1578209186984108,2301.484363794327,0.00017190531077428798
"[[49, 96], [42, 4], [23, 64], [52, 59], [51, 10], [32, 28], [23, 97], [10, 20], [47, 97], [63, 31]]",3.1591653058819196,2309.4734337329865,0.00016331004523557357
"[[49, 96], [41, 4], [23, 64], [52, 59], [51, 10], [32, 28], [23, 97], [10, 20], [47, 97], [63, 31]]",3.159795646932764,2317.525256872177,0.00015514454297379488
"[[49, 96], [40, 4], [23, 64], [52, 59], [51, 10], [32, 28], [23, 97], [10, 20], [47, 97], [63, 31]]",3.163471310092225,2325.5338263511658,0.00014738731582510513
"[[49, 96], [40, 4], [23, 64], [52, 59], [51, 9], [32, 28], [23, 97], [10, 20], [47, 97], [63, 31]]",3.1697245381259194,2333.4572842121124,0.00014001795003384986
"[[49, 96], [40, 4], [23, 64], [52, 59], [51, 8], [32, 28], [23, 97], [10, 20], [47, 97], [63, 31]]",3.1753357191266494,2341.418510198593,0.00013301705253215737
"[[49, 96], [40, 4], [23, 64], [52, 59], [50, 8], [32, 28], [23, 97], [10, 20], [47, 97], [63, 31]]",3.1804277593903505,2349.3730952739716,0.0001263661999055495
"[[49, 96], [40, 4], [23, 64], [52, 59], [50, 7], [32, 28], [23, 97], [10, 20], [47, 97], [63, 31]]",3.1858196511308625,2357.352499485016,0.000120047889910272
"[[49, 96], [39, 4], [23, 64], [52, 59], [50, 7], [32, 28], [23, 97], [10, 20], [47, 97], [63, 31]]",3.1925115885529767,2365.3275907039642,0.0001140454954147584
"[[49, 96], [38, 4], [23, 64], [52, 59], [50, 7], [32, 28], [23, 97], [10, 20], [47, 97], [63, 31]]",3.199627286276655,2373.2981112003326,0.00010834322064402047
"[[49, 96], [37, 4], [23, 64], [52, 59], [50, 7], [32, 28], [23, 97], [10, 20], [47, 97], [63, 31]]",3.206040186843197,2381.3099319934845,0.00010292605961181944
"[[49, 96], [36, 4], [23, 64], [52, 59], [50, 7], [32, 28], [23, 97], [10, 20], [47, 97], [63, 31]]",3.2128621037436433,2389.2904148101807,9.777975663122846e-05
"[[49, 96], [35, 4], [23, 64], [52, 59], [50, 7], [32, 28], [23, 97], [10, 20], [47, 97], [63, 31]]",3.218736756933446,2397.3057000637054,9.289076879966704e-05
"[[49, 96], [34, 4], [23, 64], [52, 59], [50, 7], [32, 28], [23, 97], [10, 20], [47, 97], [63, 31]]",3.2254395839855277,2405.2272243499756,8.824623035968368e-05
"[[49, 96], [34, 4], [23, 64], [52, 59], [49, 7], [32, 28], [23, 97], [10, 20], [47, 97], [63, 31]]",3.2312571246582156,2413.146905183792,8.383391884169949e-05
"[[49, 96], [33, 4], [23, 64], [52, 59], [49, 7], [32, 28], [23, 97], [10, 20], [47, 97], [63, 31]]",3.2380906390134676,2427.196602344513,7.96422228996145e-05
"[[49, 96], [32, 4], [23, 64], [52, 59], [49, 7], [32, 28], [23, 97], [10, 20], [47, 97], [63, 31]]",3.244567931577747,2441.594980955124,7.566011175463378e-05
"[[49, 96], [32, 4], [23, 64], [52, 59], [49, 6], [32, 28], [23, 97], [10, 20], [47, 97], [63, 31]]",3.250713690599426,2456.1728596687317,7.187710616690208e-05
"[[49, 96], [31, 4], [23, 64], [52, 59], [49, 6], [32, 28], [23, 97], [10, 20], [47, 97], [63, 31]]",3.2565489361307405,2470.5809173583984,6.828325085855697e-05
"[[49, 96], [30, 4], [23, 64], [52, 59], [49, 6], [32, 28], [23, 97], [10, 20], [47, 97], [63, 31]]",3.263656483044763,2484.9320607185364,6.486908831562912e-05
"[[49, 96], [29, 4], [23, 64], [52, 59], [49, 6], [32, 28], [23, 97], [10, 20], [47, 97], [63, 31]]",3.2705173731003176,2499.322779893875,6.162563389984766e-05
"[[49, 96], [28, 4], [23, 64], [52, 59], [49, 6], [32, 28], [23, 97], [10, 20], [47, 97], [63, 31]]",3.2786255596710268,2513.713373184204,5.8544352204855274e-05
"[[49, 96], [27, 4], [23, 64], [52, 59], [49, 6], [32, 28], [23, 97], [10, 20], [47, 97], [63, 31]]",3.28549403921628,2528.187600851059,5.561713459461251e-05
"[[49, 96], [26, 4], [23, 64], [52, 59], [49, 6], [32, 28], [23, 97], [10, 20], [47, 97], [63, 31]]",3.28944485726297,2542.653255701065,5.283627786488188e-05
"[[49, 96], [26, 3], [23, 64], [52, 59], [49, 6], [32, 28], [23, 97], [10, 20], [47, 97], [63, 31]]",3.292480205026342,2557.0646488666534,5.019446397163778e-05
"[[49, 96], [26, 2], [23, 64], [52, 59], [49, 6], [32, 28], [23, 97], [10, 20], [47, 97], [63, 31]]",3.302461553237843,2571.437549352646,4.768474077305589e-05
"[[49, 96], [26, 2], [23, 64], [52, 59], [49, 5], [32, 28], [23, 97], [10, 20], [47, 97], [63, 31]]",3.305024914834326,2585.8057520389557,4.53005037344031e-05
"[[49, 96], [26, 2], [23, 64], [52, 59], [49, 5], [32, 28], [23, 97], [10, 20], [47, 97], [62, 31]]",3.307489624670759,2600.263970851898,4.303547854768294e-05
"[[49, 96], [26, 2], [23, 64], [52, 59], [49, 5], [32, 28], [23, 97], [10, 20], [47, 97], [61, 31]]",3.3104024635683613,2614.6819019317627,4.0883704620298796e-05
"[[49, 96], [26, 2], [23, 64], [52, 59], [49, 5], [32, 28], [23, 97], [10, 20], [47, 97], [60, 31]]",3.3128671734047943,2629.1263670921326,3.883951938928385e-05
"[[49, 96], [26, 2], [23, 64], [52, 59], [49, 5], [32, 28], [23, 97], [10, 20], [47, 97], [59, 31]]",3.3160040768329817,2643.609035253525,3.689754341981966e-05
"[[49, 96], [26, 2], [23, 64], [52, 59], [49, 5], [32, 29], [23, 97], [10, 20], [47, 97], [59, 31]]",3.397828077652911,2658.0693361759186,3.505266624882867e-05
"[[49, 96], [26, 2], [23, 64], [52, 59], [49, 5], [32, 29], [23, 97], [10, 20], [47, 97], [58, 31]]",3.400292787489344,2672.44105219841,3.3300032936387236e-05
"[[49, 96], [26, 2], [23, 64], [52, 59], [49, 5], [32, 29], [23, 97], [10, 20], [47, 97], [57, 31]]",3.403653755448116,2686.821941137314,3.163503128956787e-05
"[[49, 96], [26, 2], [23, 64], [52, 59], [49, 5], [32, 29], [23, 97], [10, 20], [47, 97], [56, 31]]",3.4054462716927945,2701.194315671921,3.0053279725089478e-05
"[[49, 96], [26, 2], [23, 64], [52, 59], [49, 5], [32, 29], [23, 97], [10, 20], [47, 97], [55, 31]]",3.409255368712736,2715.6139731407166,2.8550615738835003e-05
"[[49, 96], [26, 2], [23, 64], [52, 59], [49, 5], [32, 29], [23, 97], [10, 20], [47, 97], [54, 31]]",3.4105997558962446,2730.1321156024933,2.7123084951893252e-05
"[[49, 96], [26, 2], [23, 64], [52, 59], [49, 5], [32, 29], [23, 97], [10, 20], [47, 97], [53, 31]]",3.4137366593244325,2744.524530649185,2.576693070429859e-05
"[[49, 96], [26, 2], [23, 64], [52, 59], [49, 5], [32, 29], [23, 97], [10, 20], [47, 97], [52, 31]]",3.4150810465079413,2758.9332253932953,2.447858416908366e-05
"[[49, 96], [26, 2], [23, 64], [52, 59], [49, 5], [31, 29], [23, 97], [10, 20], [47, 97], [52, 31]]",3.417604242742491,2773.2820551395416,2.3254654960629475e-05
"[[49, 96], [26, 2], [23, 64], [52, 59], [49, 5], [31, 29], [23, 97], [10, 20], [47, 97], [51, 31]]",3.4207411461706783,2787.6743874549866,2.2091922212598e-05
"[[49, 96], [26, 2], [23, 64], [52, 59], [49, 5], [31, 29], [23, 97], [10, 20], [47, 97], [50, 31]]",3.423429920537696,2802.1481034755707,2.09873261019681e-05
"[[49, 96], [26, 2], [23, 64], [52, 59], [49, 5], [31, 29], [23, 97], [10, 20], [47, 97], [49, 31]]",3.425670565843544,2816.7323081493378,1.9937959796869693e-05
"[[49, 96], [26, 2], [23, 64], [52, 59], [49, 5], [31, 29], [23, 97], [10, 20], [47, 97], [49, 32]]",3.427463082088223,2824.6921389102936,1.8941061807026206e-05
"[[49, 96], [26, 2], [23, 64], [52, 59], [49, 5], [31, 29], [23, 97], [10, 20], [47, 97], [49, 33]]",3.4294796628634856,2832.638836622238,1.7994008716674895e-05
"[[49, 96], [26, 2], [23, 64], [52, 59], [49, 5], [31, 29], [23, 97], [10, 20], [47, 97], [49, 34]]",3.4310481145775795,2840.6075451374054,1.7094308280841148e-05
"[[49, 96], [26, 2], [23, 64], [52, 59], [49, 5], [31, 29], [23, 97], [10, 20], [47, 97], [48, 34]]",3.4330646953528428,2848.5641283988953,1.623959286679909e-05
"[[49, 96], [26, 2], [23, 64], [52, 59], [49, 5], [31, 29], [23, 97], [10, 20], [47, 97], [47, 34]]",3.433512824414012,2856.5329644680023,1.5427613223459133e-05
"[[49, 96], [26, 2], [23, 64], [52, 59], [49, 5], [31, 29], [23, 97], [10, 20], [47, 97], [47, 35]]",3.4355294051892757,2864.4585769176483,1.4656232562286176e-05
"[[49, 96], [26, 2], [23, 64], [52, 59], [49, 5], [31, 29], [23, 97], [10, 20], [47, 97], [47, 36]]",3.437321921433954,2872.4030652046204,1.3923420934171866e-05
"[[49, 96], [26, 2], [23, 64], [52, 59], [49, 5], [31, 29], [23, 97], [10, 20], [47, 97], [47, 37]]",3.438890373148048,2880.3885610103607,1.3227249887463272e-05
"[[49, 96], [26, 2], [22, 64], [52, 59], [49, 5], [31, 29], [23, 97], [10, 20], [47, 97], [47, 37]]",3.43857704038232,2888.3158617019653,1.2565887393090107e-05
"[[49, 96], [26, 2], [23, 64], [52, 59], [49, 5], [31, 29], [23, 97], [10, 20], [47, 97], [47, 37]]",3.438890373148048,2896.2510883808136,1.19375930234356e-05
"[[49, 96], [26, 2], [22, 64], [52, 59], [49, 5], [31, 29], [23, 97], [10, 20], [47, 97], [47, 37]]",3.43857704038232,2904.1768589019775,1.134071337226382e-05
"[[49, 96], [26, 2], [23, 64], [52, 59], [49, 5], [31, 29], [23, 97], [10, 20], [47, 97], [47, 37]]",3.438890373148048,2912.1366164684296,1.0773677703650629e-05
"[[49, 96], [26, 2], [22, 64], [52, 59], [49, 5], [31, 29], [23, 97], [10, 20], [47, 97], [47, 37]]",3.43857704038232,2920.2136147022247,1.0234993818468096e-05
"[[49, 96], [26, 2], [23, 64], [52, 59], [49, 5], [31, 29], [23, 97], [10, 20], [47, 97], [47, 37]]",3.438890373148048,2928.170978307724,9.72324412754469e-06
"[[49, 96], [26, 2], [22, 64], [52, 59], [49, 5], [31, 29], [23, 97], [10, 20], [47, 97], [47, 37]]",3.43857704038232,2936.097334623337,9.237081921167456e-06
"[[49, 96], [26, 2], [23, 64], [52, 59], [49, 5], [31, 29], [23, 97], [10, 20], [47, 97], [47, 37]]",3.438890373148048,2944.031031847,8.775227825109082e-06
"[[49, 96], [26, 2], [22, 64], [52, 59], [49, 5], [31, 29], [23, 97], [10, 20], [47, 97], [47, 37]]",3.43857704038232,2952.0078358650208,8.336466433853627e-06
"[[49, 96], [26, 2], [23, 64], [52, 59], [49, 5], [31, 29], [23, 97], [10, 20], [47, 97], [47, 37]]",3.438890373148048,2959.961557149887,7.919643112160946e-06
"[[49, 96], [26, 2], [22, 64], [52, 59], [49, 5], [31, 29], [23, 97], [10, 20], [47, 97], [47, 37]]",3.43857704038232,2967.8854806423187,7.523660956552898e-06
"[[49, 96], [26, 2], [23, 64], [52, 59], [49, 5], [31, 29], [23, 97], [10, 20], [47, 97], [47, 37]]",3.438890373148048,2975.8712482452393,7.147477908725253e-06
"[[49, 96], [26, 2], [22, 64], [52, 59], [49, 5], [31, 29], [23, 97], [10, 20], [47, 97], [47, 37]]",3.43857704038232,2983.82288146019,6.79010401328899e-06
"[[49, 96], [26, 2], [23, 64], [52, 59], [49, 5], [31, 29], [23, 97], [10, 20], [47, 97], [47, 37]]",3.438890373148048,2991.7486674785614,6.45059881262454e-06
"[[49, 96], [26, 2], [22, 64], [52, 59], [49, 5], [31, 29], [23, 97], [10, 20], [47, 97], [47, 37]]",3.43857704038232,2999.792090654373,6.128068871993313e-06
"[[49, 96], [26, 2], [23, 64], [52, 59], [49, 5], [31, 29], [23, 97], [10, 20], [47, 97], [47, 37]]",3.438890373148048,3007.750637769699,5.821665428393647e-06
"[[49, 96], [26, 2], [22, 64], [52, 59], [49, 5], [31, 29], [23, 97], [10, 20], [47, 97], [47, 37]]",3.43857704038232,3015.676877260208,5.530582156973964e-06
"[[49, 96], [26, 2], [23, 64], [52, 59], [49, 5], [31, 29], [23, 97], [10, 20], [47, 97], [47, 37]]",3.438890373148048,3023.6044960021973,5.254053049125266e-06
"[[49, 96], [26, 2], [22, 64], [52, 59], [49, 5], [31, 29], [23, 97], [10, 20], [47, 97], [47, 37]]",3.43857704038232,3031.690289258957,4.991350396669002e-06
"[[49, 96], [26, 2], [23, 64], [52, 59], [49, 5], [31, 29], [23, 97], [10, 20], [47, 97], [47, 37]]",3.438890373148048,3039.6151485443115,4.741782876835552e-06
"[[49, 96], [26, 2], [22, 64], [52, 59], [49, 5], [31, 29], [23, 97], [10, 20], [47, 97], [47, 37]]",3.43857704038232,3047.562843799591,4.504693732993774e-06
"[[49, 96], [26, 2], [23, 64], [52, 59], [49, 5], [31, 29], [23, 97], [10, 20], [47, 97], [47, 37]]",3.438890373148048,3055.504642009735,4.279459046344085e-06
"[[49, 96], [26, 2], [22, 64], [52, 59], [49, 5], [31, 29], [23, 97], [10, 20], [47, 97], [47, 37]]",3.43857704038232,3063.4617817401886,4.065486094026881e-06
"[[49, 96], [26, 2], [23, 64], [52, 59], [49, 5], [31, 29], [23, 97], [10, 20], [47, 97], [47, 37]]",3.438890373148048,3071.4323868751526,3.862211789325536e-06
"[[49, 96], [26, 2], [22, 64], [52, 59], [49, 5], [31, 29], [23, 97], [10, 20], [47, 97], [47, 37]]",3.43857704038232,3079.366612672806,3.6691011998592594e-06
"[[49, 96], [26, 2], [23, 64], [52, 59], [49, 5], [31, 29], [23, 97], [10, 20], [47, 97], [47, 37]]",3.438890373148048,3087.339200735092,3.485646139866296e-06
"[[49, 96], [26, 2], [22, 64], [52, 59], [49, 5], [31, 29], [23, 97], [10, 20], [47, 97], [47, 37]]",3.43857704038232,3095.2636687755585,3.3113638328729812e-06
"[[49, 96], [26, 2], [23, 64], [52, 59], [49, 5], [31, 29], [23, 97], [10, 20], [47, 97], [47, 37]]",3.438890373148048,3103.17133808136,3.145795641229332e-06
"[[49, 96], [26, 2], [22, 64], [52, 59], [49, 5], [31, 29], [23, 97], [10, 20], [47, 97], [47, 37]]",3.43857704038232,3111.121173143387,2.988505859167865e-06
"[[49, 96], [26, 2], [23, 64], [52, 59], [49, 5], [31, 29], [23, 97], [10, 20], [47, 97], [47, 37]]",3.438890373148048,3119.105199575424,2.8390805662094717e-06
"[[49, 96], [26, 2], [22, 64], [52, 59], [49, 5], [31, 29], [23, 97], [10, 20], [47, 97], [47, 37]]",3.43857704038232,3127.052973508835,2.697126537898998e-06
"[[49, 96], [26, 2], [23, 64], [52, 59], [49, 5], [31, 29], [23, 97], [10, 20], [47, 97], [47, 37]]",3.438890373148048,3134.9912803173065,2.562270211004048e-06
"[[49, 96], [26, 2], [22, 64], [52, 59], [49, 5], [31, 29], [23, 97], [10, 20], [47, 97], [47, 37]]",3.43857704038232,3143.124387741089,2.4341567004538453e-06
"[[49, 96], [26, 2], [23, 64], [52, 59], [49, 5], [31, 29], [23, 97], [10, 20], [47, 97], [47, 37]]",3.438890373148048,3151.0783381462097,2.312448865431153e-06
"[[49, 96], [26, 2], [22, 64], [52, 59], [49, 5], [31, 29], [23, 97], [10, 20], [47, 97], [47, 37]]",3.43857704038232,3158.9898042678833,2.196826422159595e-06
"[[49, 96], [26, 2], [23, 64], [52, 59], [49, 5], [31, 29], [23, 97], [10, 20], [47, 97], [47, 37]]",3.438890373148048,3166.9209158420563,2.0869851010516154e-06
"[[49, 96], [26, 2], [22, 64], [52, 59], [49, 5], [31, 29], [23, 97], [10, 20], [47, 97], [47, 37]]",3.43857704038232,3180.9607264995575,1.9826358459990345e-06
"[[49, 96], [26, 2], [23, 64], [52, 59], [49, 5], [31, 29], [23, 97], [10, 20], [47, 97], [47, 37]]",3.438890373148048,3195.3717935085297,1.8835040536990826e-06
"[[49, 96], [26, 2], [22, 64], [52, 59], [49, 5], [31, 29], [23, 97], [10, 20], [47, 97], [47, 37]]",3.43857704038232,3209.7300176620483,1.7893288510141284e-06
"[[49, 96], [26, 2], [23, 64], [52, 59], [49, 5], [31, 29], [23, 97], [10, 20], [47, 97], [47, 37]]",3.438890373148048,3224.090830564499,1.699862408463422e-06
"[[49, 96], [26, 2], [22, 64], [52, 59], [49, 5], [31, 29], [23, 97], [10, 20], [47, 97], [47, 37]]",3.43857704038232,3238.4679470062256,1.6148692880402508e-06
"[[49, 96], [26, 2], [23, 64], [52, 59], [49, 5], [31, 29], [23, 97], [10, 20], [47, 97], [47, 37]]",3.438890373148048,3252.8637251853943,1.534125823638238e-06
"[[49, 96], [26, 2], [22, 64], [52, 59], [49, 5], [31, 29], [23, 97], [10, 20], [47, 97], [47, 37]]",3.43857704038232,3267.2836797237396,1.457419532456326e-06
"[[49, 96], [26, 2], [23, 64], [52, 59], [49, 5], [31, 29], [23, 97], [10, 20], [47, 97], [47, 37]]",3.438890373148048,3281.6774752140045,1.3845485558335097e-06
"[[49, 96], [26, 2], [22, 64], [52, 59], [49, 5], [31, 29], [23, 97], [10, 20], [47, 97], [47, 37]]",3.43857704038232,3296.0689268112183,1.3153211280418342e-06
"[[49, 96], [26, 2], [23, 64], [52, 59], [49, 5], [31, 29], [23, 97], [10, 20], [47, 97], [47, 37]]",3.438890373148048,3310.4698429107666,1.2495550716397424e-06
"[[49, 96], [26, 2], [22, 64], [52, 59], [49, 5], [31, 29], [23, 97], [10, 20], [47, 97], [47, 37]]",3.43857704038232,3324.844174861908,1.1870773180577553e-06
"[[49, 96], [26, 2], [23, 64], [52, 59], [49, 5], [31, 29], [23, 97], [10, 20], [47, 97], [47, 37]]",3.438890373148048,3339.245466709137,1.1277234521548674e-06
"[[49, 96], [26, 2], [22, 64], [52, 59], [49, 5], [31, 29], [23, 97], [10, 20], [47, 97], [47, 37]]",3.43857704038232,3353.81192946434,1.071337279547124e-06
"[[49, 96], [26, 2], [23, 64], [52, 59], [49, 5], [31, 29], [23, 97], [10, 20], [47, 97], [47, 37]]",3.438890373148048,3368.327249765396,1.0177704155697677e-06
"[[49, 96], [26, 2], [22, 64], [52, 59], [49, 5], [31, 29], [23, 97], [10, 20], [47, 97], [47, 37]]",3.43857704038232,3382.728668451309,9.668818947912793e-07
"[[49, 96], [26, 2], [23, 64], [52, 59], [49, 5], [31, 29], [23, 97], [10, 20], [47, 97], [47, 37]]",3.438890373148048,3397.1108746528625,9.185378000517153e-07
"[[49, 96], [26, 2], [22, 64], [52, 59], [49, 5], [31, 29], [23, 97], [10, 20], [47, 97], [47, 37]]",3.43857704038232,3411.635885000229,8.726109100491295e-07
"[[49, 96], [26, 2], [23, 64], [52, 59], [49, 5], [31, 29], [23, 97], [10, 20], [47, 97], [47, 37]]",3.438890373148048,3426.1973078250885,8.28980364546673e-07
"[[49, 96], [26, 2], [22, 64], [52, 59], [49, 5], [31, 29], [23, 97], [10, 20], [47, 97], [47, 37]]",3.43857704038232,3440.5921878814697,7.875313463193393e-07
"[[49, 96], [26, 2], [23, 64], [52, 59], [49, 5], [31, 29], [23, 97], [10, 20], [47, 97], [47, 37]]",3.438890373148048,3454.9694862365723,7.481547790033723e-07
"[[49, 96], [26, 2], [22, 64], [52, 59], [49, 5], [31, 29], [23, 97], [10, 20], [47, 97], [47, 37]]",3.43857704038232,3469.36284327507,7.107470400532036e-07
"[[49, 96], [26, 2], [23, 64], [52, 59], [49, 5], [31, 29], [23, 97], [10, 20], [47, 97], [47, 37]]",3.438890373148048,3483.7772884368896,6.752096880505434e-07
"[[49, 96], [26, 2], [22, 64], [52, 59], [49, 5], [31, 29], [23, 97], [10, 20], [47, 97], [47, 37]]",3.43857704038232,3498.1451964378357,6.414492036480162e-07
"[[49, 96], [26, 2], [23, 64], [52, 59], [49, 5], [31, 29], [23, 97], [10, 20], [47, 97], [47, 37]]",3.438890373148048,3512.608314037323,6.093767434656153e-07
"[[49, 96], [26, 2], [22, 64], [52, 59], [49, 5], [31, 29], [23, 97], [10, 20], [47, 97], [47, 37]]",3.43857704038232,3527.14711022377,5.789079062923345e-07
"[[49, 96], [26, 2], [23, 64], [52, 59], [49, 5], [31, 29], [23, 97], [10, 20], [47, 97], [47, 37]]",3.438890373148048,3541.562084197998,5.499625109777178e-07
"[[49, 96], [26, 2], [22, 64], [52, 59], [49, 5], [31, 29], [23, 97], [10, 20], [47, 97], [47, 37]]",3.43857704038232,3555.947057247162,5.224643854288319e-07
"[[49, 96], [26, 2], [23, 64], [52, 59], [49, 5], [31, 29], [23, 97], [10, 20], [47, 97], [47, 37]]",3.438890373148048,3570.3535232543945,4.963411661573902e-07
"[[49, 96], [26, 2], [22, 64], [52, 59], [49, 5], [31, 29], [23, 97], [10, 20], [47, 97], [47, 37]]",3.43857704038232,3584.76988530159,4.715241078495207e-07
"[[49, 96], [26, 2], [23, 64], [52, 59], [49, 5], [31, 29], [23, 97], [10, 20], [47, 97], [47, 37]]",3.438890373148048,3599.1415355205536,4.4794790245704463e-07
"[[49, 96], [26, 2], [22, 64], [52, 59], [49, 5], [31, 29], [23, 97], [10, 20], [47, 97], [47, 37]]",3.43857704038232,3613.5622701644897,4.255505073341924e-07
"[[49, 96], [26, 2], [23, 64], [52, 59], [49, 5], [31, 29], [23, 97], [10, 20], [47, 97], [47, 37]]",3.438890373148048,3628.001571416855,4.0427298196748275e-07
"[[49, 96], [26, 2], [22, 64], [52, 59], [49, 5], [31, 29], [23, 97], [10, 20], [47, 97], [47, 37]]",3.43857704038232,3642.3782708644867,3.840593328691086e-07
"[[49, 96], [26, 2], [23, 64], [52, 59], [49, 5], [31, 29], [23, 97], [10, 20], [47, 97], [47, 37]]",3.438890373148048,3656.791258096695,3.648563662256532e-07
"[[49, 96], [26, 2], [22, 64], [52, 59], [49, 5], [31, 29], [23, 97], [10, 20], [47, 97], [47, 37]]",3.43857704038232,3671.191137075424,3.466135479143705e-07
"[[49, 96], [26, 2], [23, 64], [52, 59], [49, 5], [31, 29], [23, 97], [10, 20], [47, 97], [47, 37]]",3.438890373148048,3685.6478822231293,3.2928287051865196e-07
"[[49, 96], [26, 2], [22, 64], [52, 59], [49, 5], [31, 29], [23, 97], [10, 20], [47, 97], [47, 37]]",3.43857704038232,3700.0669734477997,3.1281872699271933e-07
"[[49, 96], [26, 2], [23, 64], [52, 59], [49, 5], [31, 29], [23, 97], [10, 20], [47, 97], [47, 37]]",3.438890373148048,3714.5257415771484,2.9717779064308334e-07
"[[49, 96], [26, 2], [22, 64], [52, 59], [49, 5], [31, 29], [23, 97], [10, 20], [47, 97], [47, 37]]",3.43857704038232,3728.94290971756,2.8231890111092917e-07
"[[49, 96], [26, 2], [23, 64], [52, 59], [49, 5], [31, 29], [23, 97], [10, 20], [47, 97], [47, 37]]",3.438890373148048,3743.4034264087677,2.682029560553827e-07
"[[49, 96], [26, 2], [22, 64], [52, 59], [49, 5], [31, 29], [23, 97], [10, 20], [47, 97], [47, 37]]",3.43857704038232,3757.8075227737427,2.5479280825261354e-07
"[[49, 96], [26, 2], [23, 64], [52, 59], [49, 5], [31, 29], [23, 97], [10, 20], [47, 97], [47, 37]]",3.438890373148048,3772.191999435425,2.4205316783998285e-07
"[[49, 96], [26, 2], [22, 64], [52, 59], [49, 5], [31, 29], [23, 97], [10, 20], [47, 97], [47, 37]]",3.43857704038232,3786.631192922592,2.299505094479837e-07
"[[49, 96], [26, 2], [23, 64], [52, 59], [49, 5], [31, 29], [23, 97], [10, 20], [47, 97], [47, 37]]",3.438890373148048,3801.0766077041626,2.1845298397558449e-07
"[[49, 96], [26, 2], [22, 64], [52, 59], [49, 5], [31, 29], [23, 97], [10, 20], [47, 97], [47, 37]]",3.43857704038232,3815.561510324478,2.0753033477680526e-07
"[[49, 96], [26, 2], [23, 64], [52, 59], [49, 5], [31, 29], [23, 97], [10, 20], [47, 97], [47, 37]]",3.438890373148048,3829.9905247688293,1.97153818037965e-07
"[[49, 96], [26, 2], [22, 64], [52, 59], [49, 5], [31, 29], [23, 97], [10, 20], [47, 97], [47, 37]]",3.43857704038232,3844.3678579330444,1.8729612713606673e-07
"[[49, 96], [26, 2], [23, 64], [52, 59], [49, 5], [31, 29], [23, 97], [10, 20], [47, 97], [47, 37]]",3.438890373148048,3858.7687315940857,1.7793132077926338e-07
"[[49, 96], [26, 2], [22, 64], [52, 59], [49, 5], [31, 29], [23, 97], [10, 20], [47, 97], [47, 37]]",3.43857704038232,3873.2785654067993,1.690347547403002e-07
"[[49, 96], [26, 2], [23, 64], [52, 59], [49, 5], [31, 29], [23, 97], [10, 20], [47, 97], [47, 37]]",3.438890373148048,3887.7070474624634,1.6058301700328518e-07
"[[49, 96], [26, 2], [22, 64], [52, 59], [49, 5], [31, 29], [23, 97], [10, 20], [47, 97], [47, 37]]",3.43857704038232,3902.093789577484,1.5255386615312092e-07
"[[49, 96], [26, 2], [23, 64], [52, 59], [49, 5], [31, 29], [23, 97], [10, 20], [47, 97], [47, 37]]",3.438890373148048,3916.5199019908905,1.4492617284546488e-07
"[[49, 96], [26, 2], [22, 64], [52, 59], [49, 5], [31, 29], [23, 97], [10, 20], [47, 97], [47, 37]]",3.43857704038232,3930.921151161194,1.3767986420319162e-07
"[[49, 96], [26, 2], [23, 64], [52, 59], [49, 5], [31, 29], [23, 97], [10, 20], [47, 97], [47, 37]]",3.438890373148048,3945.3294563293457,1.3079587099303203e-07
"[[49, 96], [26, 2], [22, 64], [52, 59], [49, 5], [31, 29], [23, 97], [10, 20], [47, 97], [47, 37]]",3.43857704038232,3959.7991666793823,1.2425607744338041e-07
"[[49, 96], [26, 2], [23, 64], [52, 59], [49, 5], [31, 29], [23, 97], [10, 20], [47, 97], [47, 37]]",3.438890373148048,3974.272391796112,1.1804327357121139e-07
"[[49, 96], [26, 2], [22, 64], [52, 59], [49, 5], [31, 29], [23, 97], [10, 20], [47, 97], [47, 37]]",3.43857704038232,3988.6818170547485,1.1214110989265082e-07
"[[49, 96], [26, 2], [23, 64], [52, 59], [49, 5], [31, 29], [23, 97], [10, 20], [47, 97], [47, 37]]",3.438890373148048,4003.1319308280945,1.0653405439801827e-07
"[[49, 96], [26, 2], [22, 64], [52, 59], [49, 5], [31, 29], [23, 97], [10, 20], [47, 97], [47, 37]]",3.43857704038232,4017.6097123622894,1.0120735167811735e-07
"[[49, 96], [26, 2], [23, 64], [52, 59], [49, 5], [31, 29], [23, 97], [10, 20], [47, 97], [47, 37]]",3.438890373148048,4032.0751061439514,9.614698409421148e-08
"[[49, 96], [26, 2], [22, 64], [52, 59], [49, 5], [31, 29], [23, 97], [10, 20], [47, 97], [47, 37]]",3.43857704038232,4046.464864730835,9.133963488950091e-08
"[[49, 96], [26, 2], [23, 64], [52, 59], [49, 5], [31, 29], [23, 97], [10, 20], [47, 97], [47, 37]]",3.438890373148048,4060.837100982666,8.677265314502586e-08
"[[49, 96], [26, 2], [22, 64], [52, 59], [49, 5], [31, 29], [23, 97], [10, 20], [47, 97], [47, 37]]",3.43857704038232,4075.213996887207,8.243402048777457e-08
"[[49, 96], [26, 2], [23, 64], [52, 59], [49, 5], [31, 29], [23, 97], [10, 20], [47, 97], [47, 37]]",3.438890373148048,4089.6357526779175,7.831231946338584e-08
"[[49, 96], [26, 2], [22, 64], [52, 59], [49, 5], [31, 29], [23, 97], [10, 20], [47, 97], [47, 37]]",3.43857704038232,4104.0798988342285,7.439670349021654e-08
"[[49, 96], [26, 2], [23, 64], [52, 59], [49, 5], [31, 29], [23, 97], [10, 20], [47, 97], [47, 37]]",3.438890373148048,4118.4774050712585,7.067686831570571e-08
"[[49, 96], [26, 2], [22, 64], [52, 59], [49, 5], [31, 29], [23, 97], [10, 20], [47, 97], [47, 37]]",3.43857704038232,4132.928390741348,6.714302489992043e-08
"[[49, 96], [26, 2], [23, 64], [52, 59], [49, 5], [31, 29], [23, 97], [10, 20], [47, 97], [47, 37]]",3.438890373148048,4147.308956861496,6.378587365492441e-08
"[[49, 96], [26, 2], [22, 64], [52, 59], [49, 5], [31, 29], [23, 97], [10, 20], [47, 97], [47, 37]]",3.43857704038232,4161.747698545456,6.059657997217818e-08
"[[49, 96], [26, 2], [23, 64], [52, 59], [49, 5], [31, 29], [23, 97], [10, 20], [47, 97], [47, 37]]",3.438890373148048,4176.139728307724,5.756675097356927e-08
"[[49, 96], [26, 2], [22, 64], [52, 59], [49, 5], [31, 29], [23, 97], [10, 20], [47, 97], [47, 37]]",3.43857704038232,4190.544592618942,5.46884134248908e-08
"[[49, 96], [26, 2], [23, 64], [52, 59], [49, 5], [31, 29], [23, 97], [10, 20], [47, 97], [47, 37]]",3.438890373148048,4205.013012647629,5.1953992753646255e-08
"[[49, 96], [26, 2], [22, 64], [52, 59], [49, 5], [31, 29], [23, 97], [10, 20], [47, 97], [47, 37]]",3.43857704038232,4219.399594783783,4.935629311596394e-08
"[[49, 96], [26, 2], [23, 64], [52, 59], [49, 5], [31, 29], [23, 97], [10, 20], [47, 97], [47, 37]]",3.438890373148048,4233.861036300659,4.688847846016574e-08
"[[49, 96], [26, 2], [22, 64], [52, 59], [49, 5], [31, 29], [23, 97], [10, 20], [47, 97], [47, 37]]",3.43857704038232,4248.245330810547,4.454405453715745e-08
"[[49, 96], [26, 2], [23, 64], [52, 59], [49, 5], [31, 29], [23, 97], [10, 20], [47, 97], [47, 37]]",3.438890373148048,4262.746762514114,4.231685181029957e-08
"[[49, 96], [26, 2], [22, 64], [52, 59], [49, 5], [31, 29], [23, 97], [10, 20], [47, 97], [47, 37]]",3.43857704038232,4277.142295122147,4.020100921978459e-08
"[[49, 96], [26, 2], [23, 64], [52, 59], [49, 5], [31, 29], [23, 97], [10, 20], [47, 97], [47, 37]]",3.438890373148048,4291.553889513016,3.819095875879536e-08
"[[49, 96], [26, 2], [22, 64], [52, 59], [49, 5], [31, 29], [23, 97], [10, 20], [47, 97], [47, 37]]",3.43857704038232,4306.134496450424,3.628141082085559e-08
"[[49, 96], [26, 2], [23, 64], [52, 59], [49, 5], [31, 29], [23, 97], [10, 20], [47, 97], [47, 37]]",3.438890373148048,4320.5833830833435,3.446734027981281e-08
"[[49, 96], [26, 2], [22, 64], [52, 59], [49, 5], [31, 29], [23, 97], [10, 20], [47, 97], [47, 37]]",3.43857704038232,4335.025846481323,3.2743973265822166e-08
"[[49, 96], [26, 2], [23, 64], [52, 59], [49, 5], [31, 29], [23, 97], [10, 20], [47, 97], [47, 37]]",3.438890373148048,4349.408011198044,3.110677460253105e-08
"[[49, 96], [26, 2], [22, 64], [52, 59], [49, 5], [31, 29], [23, 97], [10, 20], [47, 97], [47, 37]]",3.43857704038232,4363.962929964066,2.95514358724045e-08
"[[49, 96], [26, 2], [23, 64], [52, 59], [49, 5], [31, 29], [23, 97], [10, 20], [47, 97], [47, 37]]",3.438890373148048,4378.418890714645,2.8073864078784275e-08
"[[49, 96], [26, 2], [22, 64], [52, 59], [49, 5], [31, 29], [23, 97], [10, 20], [47, 97], [47, 37]]",3.43857704038232,4392.823216915131,2.667017087484506e-08
"[[49, 96], [26, 2], [23, 64], [52, 59], [49, 5], [31, 29], [23, 97], [10, 20], [47, 97], [47, 37]]",3.438890373148048,4407.219286680222,2.5336662331102805e-08
"[[49, 96], [26, 2], [22, 64], [52, 59], [49, 5], [31, 29], [23, 97], [10, 20], [47, 97], [47, 37]]",3.43857704038232,4421.5899975299835,2.4069829214547663e-08
"[[49, 96], [26, 2], [23, 64], [52, 59], [49, 5], [31, 29], [23, 97], [10, 20], [47, 97], [47, 37]]",3.438890373148048,4436.118515253067,2.286633775382028e-08
"[[49, 96], [26, 2], [22, 64], [52, 59], [49, 5], [31, 29], [23, 97], [10, 20], [47, 97], [47, 37]]",3.43857704038232,4450.5048706531525,2.1723020866129264e-08
"[[49, 96], [26, 2], [23, 64], [52, 59], [49, 5], [31, 29], [23, 97], [10, 20], [47, 97], [47, 37]]",3.438890373148048,4464.920136451721,2.06368698228228e-08
"[[49, 96], [26, 2], [22, 64], [52, 59], [49, 5], [31, 29], [23, 97], [10, 20], [47, 97], [47, 37]]",3.43857704038232,4479.308244943619,1.960502633168166e-08
"[[49, 96], [26, 2], [23, 64], [52, 59], [49, 5], [31, 29], [23, 97], [10, 20], [47, 97], [47, 37]]",3.438890373148048,4493.67551612854,1.8624775015097576e-08
"[[49, 96], [26, 2], [22, 64], [52, 59], [49, 5], [31, 29], [23, 97], [10, 20], [47, 97], [47, 37]]",3.43857704038232,4508.098218679428,1.7693536264342694e-08
"[[49, 96], [26, 2], [23, 64], [52, 59], [49, 5], [31, 29], [23, 97], [10, 20], [47, 97], [47, 37]]",3.438890373148048,4522.522718429565,1.680885945112556e-08
"[[49, 96], [26, 2], [22, 64], [52, 59], [49, 5], [31, 29], [23, 97], [10, 20], [47, 97], [47, 37]]",3.43857704038232,4536.948822021484,1.596841647856928e-08
"[[49, 96], [26, 2], [23, 64], [52, 59], [49, 5], [31, 29], [23, 97], [10, 20], [47, 97], [47, 37]]",3.438890373148048,4551.314935684204,1.5169995654640813e-08
"[[49, 96], [26, 2], [22, 64], [52, 59], [49, 5], [31, 29], [23, 97], [10, 20], [47, 97], [47, 37]]",3.43857704038232,4565.790641069412,1.4411495871908771e-08
"[[49, 96], [26, 2], [23, 64], [52, 59], [49, 5], [31, 29], [23, 97], [10, 20], [47, 97], [47, 37]]",3.438890373148048,4580.214096784592,1.3690921078313332e-08
"[[49, 96], [26, 2], [22, 64], [52, 59], [49, 5], [31, 29], [23, 97], [10, 20], [47, 97], [47, 37]]",3.43857704038232,4594.632136106491,1.3006375024397665e-08
"[[49, 96], [26, 2], [23, 64], [52, 59], [49, 5], [31, 29], [23, 97], [10, 20], [47, 97], [47, 37]]",3.438890373148048,4609.068350553513,1.2356056273177782e-08
"[[49, 96], [26, 2], [22, 64], [52, 59], [49, 5], [31, 29], [23, 97], [10, 20], [47, 97], [47, 37]]",3.43857704038232,4623.590135335922,1.1738253459518891e-08
"[[49, 96], [26, 2], [23, 64], [52, 59], [49, 5], [31, 29], [23, 97], [10, 20], [47, 97], [47, 37]]",3.438890373148048,4638.0950219631195,1.1151340786542946e-08
"[[49, 96], [26, 2], [22, 64], [52, 59], [49, 5], [31, 29], [23, 97], [10, 20], [47, 97], [47, 37]]",3.43857704038232,4652.541451454163,1.0593773747215798e-08
"[[49, 96], [26, 2], [23, 64], [52, 59], [49, 5], [31, 29], [23, 97], [10, 20], [47, 97], [47, 37]]",3.438890373148048,4666.977332830429,1.0064085059855008e-08
"[[49, 96], [26, 2], [22, 64], [52, 59], [49, 5], [31, 29], [23, 97], [10, 20], [47, 97], [47, 37]]",3.43857704038232,4681.345256328583,9.560880806862258e-09
"[[49, 96], [26, 2], [23, 64], [52, 59], [49, 5], [31, 29], [23, 97], [10, 20], [47, 97], [47, 37]]",3.438890373148048,4695.734041213989,9.082836766519144e-09
"[[49, 96], [26, 2], [22, 64], [52, 59], [49, 5], [31, 29], [23, 97], [10, 20], [47, 97], [47, 37]]",3.43857704038232,4710.183100938797,8.628694928193187e-09
"[[49, 96], [26, 2], [23, 64], [52, 59], [49, 5], [31, 29], [23, 97], [10, 20], [47, 97], [47, 37]]",3.438890373148048,4724.64169049263,8.197260181783527e-09
"[[49, 96], [26, 2], [22, 64], [52, 59], [49, 5], [31, 29], [23, 97], [10, 20], [47, 97], [47, 37]]",3.43857704038232,4739.060476541519,7.787397172694349e-09
"[[49, 96], [26, 2], [23, 64], [52, 59], [49, 5], [31, 29], [23, 97], [10, 20], [47, 97], [47, 37]]",3.438890373148048,4753.489048480988,7.398027314059631e-09
"[[49, 96], [26, 2], [22, 64], [52, 59], [49, 5], [31, 29], [23, 97], [10, 20], [47, 97], [47, 37]]",3.43857704038232,4767.934162378311,7.028125948356649e-09
"[[49, 96], [26, 2], [23, 64], [52, 59], [49, 5], [31, 29], [23, 97], [10, 20], [47, 97], [47, 37]]",3.438890373148048,4782.455683231354,6.676719650938816e-09
"[[49, 96], [26, 2], [22, 64], [52, 59], [49, 5], [31, 29], [23, 97], [10, 20], [47, 97], [47, 37]]",3.43857704038232,4796.873300075531,6.342883668391875e-09
"[[49, 96], [26, 2], [23, 64], [52, 59], [49, 5], [31, 29], [23, 97], [10, 20], [47, 97], [47, 37]]",3.438890373148048,4811.307735443115,6.025739484972281e-09
"[[49, 96], [26, 2], [22, 64], [52, 59], [49, 5], [31, 29], [23, 97], [10, 20], [47, 97], [47, 37]]",3.43857704038232,4825.72602057457,5.724452510723666e-09
"[[49, 96], [26, 2], [23, 64], [52, 59], [49, 5], [31, 29], [23, 97], [10, 20], [47, 97], [47, 37]]",3.438890373148048,4840.183017730713,5.4382298851874825e-09
"[[49, 96], [26, 2], [22, 64], [52, 59], [49, 5], [31, 29], [23, 97], [10, 20], [47, 97], [47, 37]]",3.43857704038232,4854.849982261658,5.166318390928108e-09
"[[49, 96], [26, 2], [23, 64], [52, 59], [49, 5], [31, 29], [23, 97], [10, 20], [47, 97], [47, 37]]",3.438890373148048,4869.257087230682,4.908002471381702e-09
"[[49, 96], [26, 2], [22, 64], [52, 59], [49, 5], [31, 29], [23, 97], [10, 20], [47, 97], [47, 37]]",3.43857704038232,4883.668021202087,4.662602347812617e-09
"[[49, 96], [26, 2], [23, 64], [52, 59], [49, 5], [31, 29], [23, 97], [10, 20], [47, 97], [47, 37]]",3.438890373148048,4898.127513885498,4.429472230421986e-09
"[[49, 96], [26, 2], [22, 64], [52, 59], [49, 5], [31, 29], [23, 97], [10, 20], [47, 97], [47, 37]]",3.43857704038232,4912.610380649567,4.207998618900887e-09
"[[49, 96], [26, 2], [23, 64], [52, 59], [49, 5], [31, 29], [23, 97], [10, 20], [47, 97], [47, 37]]",3.438890373148048,4927.081989765167,3.997598687955842e-09
"[[49, 96], [26, 2], [22, 64], [52, 59], [49, 5], [31, 29], [23, 97], [10, 20], [47, 97], [47, 37]]",3.43857704038232,4941.696938037872,3.79771875355805e-09
"[[49, 96], [26, 2], [23, 64], [52, 59], [49, 5], [31, 29], [23, 97], [10, 20], [47, 97], [47, 37]]",3.438890373148048,4956.09161901474,3.6078328158801476e-09
"[[49, 96], [26, 2], [22, 64], [52, 59], [49, 5], [31, 29], [23, 97], [10, 20], [47, 97], [47, 37]]",3.43857704038232,4970.533762693405,3.42744117508614e-09
"[[49, 96], [26, 2], [23, 64], [52, 59], [49, 5], [31, 29], [23, 97], [10, 20], [47, 97], [47, 37]]",3.438890373148048,4985.010726451874,3.256069116331833e-09
"[[49, 96], [26, 2], [22, 64], [52, 59], [49, 5], [31, 29], [23, 97], [10, 20], [47, 97], [47, 37]]",3.43857704038232,4999.4626121521,3.093265660515241e-09
"[[49, 96], [26, 2], [23, 64], [52, 59], [49, 5], [31, 29], [23, 97], [10, 20], [47, 97], [47, 37]]",3.438890373148048,5013.9292097091675,2.9386023774894787e-09
"[[49, 96], [26, 2], [22, 64], [52, 59], [49, 5], [31, 29], [23, 97], [10, 20], [47, 97], [47, 37]]",3.43857704038232,5028.397303581238,2.7916722586150046e-09
"[[49, 96], [26, 2], [23, 64], [52, 59], [49, 5], [31, 29], [23, 97], [10, 20], [47, 97], [47, 37]]",3.438890373148048,5042.9487953186035,2.6520886456842543e-09
"[[49, 96], [26, 2], [22, 64], [52, 59], [49, 5], [31, 29], [23, 97], [10, 20], [47, 97], [47, 37]]",3.43857704038232,5057.433197975159,2.5194842134000415e-09
"[[49, 96], [26, 2], [23, 64], [52, 59], [49, 5], [31, 29], [23, 97], [10, 20], [47, 97], [47, 37]]",3.438890373148048,5071.8758091926575,2.3935100027300392e-09
"[[49, 96], [26, 2], [22, 64], [52, 59], [49, 5], [31, 29], [23, 97], [10, 20], [47, 97], [47, 37]]",3.43857704038232,5086.261607170105,2.273834502593537e-09
"[[49, 96], [26, 2], [23, 64], [52, 59], [49, 5], [31, 29], [23, 97], [10, 20], [47, 97], [47, 37]]",3.438890373148048,5100.772681951523,2.16014277746386e-09
"[[49, 96], [26, 2], [22, 64], [52, 59], [49, 5], [31, 29], [23, 97], [10, 20], [47, 97], [47, 37]]",3.43857704038232,5115.216004371643,2.052135638590667e-09
"[[49, 96], [26, 2], [23, 64], [52, 59], [49, 5], [31, 29], [23, 97], [10, 20], [47, 97], [47, 37]]",3.438890373148048,5129.593141078949,1.9495288566611337e-09
"[[49, 96], [26, 2], [22, 64], [52, 59], [49, 5], [31, 29], [23, 97], [10, 20], [47, 97], [47, 37]]",3.43857704038232,5143.976047754288,1.852052413828077e-09
"[[49, 96], [26, 2], [23, 64], [52, 59], [49, 5], [31, 29], [23, 97], [10, 20], [47, 97], [47, 37]]",3.438890373148048,5158.349930763245,1.759449793136673e-09
"[[49, 96], [26, 2], [22, 64], [52, 59], [49, 5], [31, 29], [23, 97], [10, 20], [47, 97], [47, 37]]",3.43857704038232,5172.81610751152,1.6714773034798393e-09
"[[49, 96], [26, 2], [23, 64], [52, 59], [49, 5], [31, 29], [23, 97], [10, 20], [47, 97], [47, 37]]",3.438890373148048,5187.3202311992645,1.5879034383058473e-09
"[[49, 96], [26, 2], [22, 64], [52, 59], [49, 5], [31, 29], [23, 97], [10, 20], [47, 97], [47, 37]]",3.43857704038232,5201.725874662399,1.508508266390555e-09
"[[49, 96], [26, 2], [23, 64], [52, 59], [49, 5], [31, 29], [23, 97], [10, 20], [47, 97], [47, 37]]",3.438890373148048,5216.158036231995,1.4330828530710272e-09
"[[49, 96], [26, 2], [22, 64], [52, 59], [49, 5], [31, 29], [23, 97], [10, 20], [47, 97], [47, 37]]",3.43857704038232,5230.568547964096,1.3614287104174757e-09
"[[49, 96], [26, 2], [23, 64], [52, 59], [49, 5], [31, 29], [23, 97], [10, 20], [47, 97], [47, 37]]",3.438890373148048,5245.016619682312,1.293357274896602e-09
"[[49, 96], [26, 2], [22, 64], [52, 59], [49, 5], [31, 29], [23, 97], [10, 20], [47, 97], [47, 37]]",3.43857704038232,5259.488134622574,1.2286894111517717e-09
"[[49, 96], [26, 2], [23, 64], [52, 59], [49, 5], [31, 29], [23, 97], [10, 20], [47, 97], [47, 37]]",3.438890373148048,5273.92705655098,1.167254940594183e-09
"[[49, 96], [26, 2], [22, 64], [52, 59], [49, 5], [31, 29], [23, 97], [10, 20], [47, 97], [47, 37]]",3.43857704038232,5288.335357666016,1.1088921935644738e-09
"[[49, 96], [26, 2], [23, 64], [52, 59], [49, 5], [31, 29], [23, 97], [10, 20], [47, 97], [47, 37]]",3.438890373148048,5302.776146173477,1.0534475838862501e-09
"[[49, 96], [26, 2], [22, 64], [52, 59], [49, 5], [31, 29], [23, 97], [10, 20], [47, 97], [47, 37]]",3.43857704038232,5317.19522023201,1.0007752046919376e-09
"[[49, 96], [26, 2], [23, 64], [52, 59], [49, 5], [31, 29], [23, 97], [10, 20], [47, 97], [47, 37]]",3.438890373148048,5331.64656996727,9.507364444573407e-10
"[[49, 96], [26, 2], [22, 64], [52, 59], [49, 5], [31, 29], [23, 97], [10, 20], [47, 97], [47, 37]]",3.43857704038232,5346.05973815918,9.031996222344736e-10
"[[49, 96], [26, 2], [23, 64], [52, 59], [49, 5], [31, 29], [23, 97], [10, 20], [47, 97], [47, 37]]",3.438890373148048,5360.425025463104,8.580396411227499e-10
"[[49, 96], [26, 2], [22, 64], [52, 59], [49, 5], [31, 29], [23, 97], [10, 20], [47, 97], [47, 37]]",3.43857704038232,5374.805972099304,8.151376590666125e-10
"[[49, 96], [26, 2], [23, 64], [52, 59], [49, 5], [31, 29], [23, 97], [10, 20], [47, 97], [47, 37]]",3.438890373148048,5389.265893936157,7.743807761132818e-10
"[[49, 96], [26, 2], [22, 64], [52, 59], [49, 5], [31, 29], [23, 97], [10, 20], [47, 97], [47, 37]]",3.43857704038232,5403.6924085617065,7.356617373076177e-10
"[[49, 96], [26, 2], [23, 64], [52, 59], [49, 5], [31, 29], [23, 97], [10, 20], [47, 97], [47, 37]]",3.438890373148048,5418.131330728531,6.988786504422368e-10
"[[49, 96], [26, 2], [22, 64], [52, 59], [49, 5], [31, 29], [23, 97], [10, 20], [47, 97], [47, 37]]",3.43857704038232,5432.507935285568,6.639347179201249e-10
"[[49, 96], [26, 2], [23, 64], [52, 59], [49, 5], [31, 29], [23, 97], [10, 20], [47, 97], [47, 37]]",3.438890373148048,5446.948371171951,6.307379820241186e-10
"[[49, 96], [26, 2], [22, 64], [52, 59], [49, 5], [31, 29], [23, 97], [10, 20], [47, 97], [47, 37]]",3.43857704038232,5461.397225379944,5.992010829229127e-10
"[[49, 96], [26, 2], [23, 64], [52, 59], [49, 5], [31, 29], [23, 97], [10, 20], [47, 97], [47, 37]]",3.438890373148048,5475.938182115555,5.69241028776767e-10
"[[49, 96], [26, 2], [22, 64], [52, 59], [49, 5], [31, 29], [23, 97], [10, 20], [47, 97], [47, 37]]",3.43857704038232,5490.367766618729,5.407789773379287e-10
"[[49, 96], [26, 2], [23, 64], [52, 59], [49, 5], [31, 29], [23, 97], [10, 20], [47, 97], [47, 37]]",3.438890373148048,5504.832007408142,5.137400284710322e-10
"[[49, 96], [26, 2], [22, 64], [52, 59], [49, 5], [31, 29], [23, 97], [10, 20], [47, 97], [47, 37]]",3.43857704038232,5519.341734170914,4.880530270474806e-10
"[[49, 96], [26, 2], [23, 64], [52, 59], [49, 5], [31, 29], [23, 97], [10, 20], [47, 97], [47, 37]]",3.438890373148048,5533.7888815402985,4.6365037569510656e-10
"[[49, 96], [26, 2], [22, 64], [52, 59], [49, 5], [31, 29], [23, 97], [10, 20], [47, 97], [47, 37]]",3.43857704038232,5548.202707052231,4.4046785691035123e-10
"[[49, 96], [26, 2], [23, 64], [52, 59], [49, 5], [31, 29], [23, 97], [10, 20], [47, 97], [47, 37]]",3.438890373148048,5562.577722787857,4.1844446406483364e-10
"[[49, 96], [26, 2], [22, 64], [52, 59], [49, 5], [31, 29], [23, 97], [10, 20], [47, 97], [47, 37]]",3.43857704038232,5576.9846098423,3.9752224086159194e-10
"[[49, 96], [26, 2], [23, 64], [52, 59], [49, 5], [31, 29], [23, 97], [10, 20], [47, 97], [47, 37]]",3.438890373148048,5591.357805013657,3.776461288185123e-10
"[[49, 96], [26, 2], [22, 64], [52, 59], [49, 5], [31, 29], [23, 97], [10, 20], [47, 97], [47, 37]]",3.43857704038232,5605.789152145386,3.5876382237758666e-10
"[[49, 96], [26, 2], [23, 64], [52, 59], [49, 5], [31, 29], [23, 97], [10, 20], [47, 97], [47, 37]]",3.438890373148048,5620.229749679565,3.408256312587073e-10
"[[49, 96], [26, 2], [22, 64], [52, 59], [49, 5], [31, 29], [23, 97], [10, 20], [47, 97], [47, 37]]",3.43857704038232,5634.613466024399,3.2378434969577195e-10
"[[49, 96], [26, 2], [23, 64], [52, 59], [49, 5], [31, 29], [23, 97], [10, 20], [47, 97], [47, 37]]",3.438890373148048,5649.11346578598,3.0759513221098333e-10
"[[49, 96], [26, 2], [22, 64], [52, 59], [49, 5], [31, 29], [23, 97], [10, 20], [47, 97], [47, 37]]",3.43857704038232,5663.553643703461,2.9221537560043415e-10
"[[49, 96], [26, 2], [23, 64], [52, 59], [49, 5], [31, 29], [23, 97], [10, 20], [47, 97], [47, 37]]",3.438890373148048,5677.9631679058075,2.776046068204124e-10
"[[49, 96], [26, 2], [22, 64], [52, 59], [49, 5], [31, 29], [23, 97], [10, 20], [47, 97], [47, 37]]",3.43857704038232,5692.351241111755,2.637243764793918e-10
"[[49, 96], [26, 2], [23, 64], [52, 59], [49, 5], [31, 29], [23, 97], [10, 20], [47, 97], [47, 37]]",3.438890373148048,5706.748046636581,2.505381576554222e-10
"[[49, 96], [26, 2], [22, 64], [52, 59], [49, 5], [31, 29], [23, 97], [10, 20], [47, 97], [47, 37]]",3.43857704038232,5721.128305673599,2.3801124977265104e-10
"[[49, 96], [26, 2], [23, 64], [52, 59], [49, 5], [31, 29], [23, 97], [10, 20], [47, 97], [47, 37]]",3.438890373148048,5735.578122138977,2.2611068728401848e-10
"[[49, 96], [26, 2], [22, 64], [52, 59], [49, 5], [31, 29], [23, 97], [10, 20], [47, 97], [47, 37]]",3.43857704038232,5749.974726200104,2.1480515291981755e-10
"[[49, 96], [26, 2], [23, 64], [52, 59], [49, 5], [31, 29], [23, 97], [10, 20], [47, 97], [47, 37]]",3.438890373148048,5764.370562791824,2.0406489527382667e-10
"[[49, 96], [26, 2], [22, 64], [52, 59], [49, 5], [31, 29], [23, 97], [10, 20], [47, 97], [47, 37]]",3.43857704038232,5778.813264131546,1.9386165051013534e-10
"[[49, 96], [26, 2], [23, 64], [52, 59], [49, 5], [31, 29], [23, 97], [10, 20], [47, 97], [47, 37]]",3.438890373148048,5793.267526626587,1.8416856798462855e-10
"[[49, 96], [26, 2], [22, 64], [52, 59], [49, 5], [31, 29], [23, 97], [10, 20], [47, 97], [47, 37]]",3.43857704038232,5807.715503454208,1.749601395853971e-10
"[[49, 96], [26, 2], [23, 64], [52, 59], [49, 5], [31, 29], [23, 97], [10, 20], [47, 97], [47, 37]]",3.438890373148048,5822.118346452713,1.6621213260612725e-10
"[[49, 96], [26, 2], [22, 64], [52, 59], [49, 5], [31, 29], [23, 97], [10, 20], [47, 97], [47, 37]]",3.43857704038232,5836.521278142929,1.5790152597582087e-10
"[[49, 96], [26, 2], [23, 64], [52, 59], [49, 5], [31, 29], [23, 97], [10, 20], [47, 97], [47, 37]]",3.438890373148048,5850.942903757095,1.5000644967702982e-10
"[[49, 96], [26, 2], [22, 64], [52, 59], [49, 5], [31, 29], [23, 97], [10, 20], [47, 97], [47, 37]]",3.43857704038232,5865.476580142975,1.4250612719317831e-10
"[[49, 96], [26, 2], [23, 64], [52, 59], [49, 5], [31, 29], [23, 97], [10, 20], [47, 97], [47, 37]]",3.438890373148048,5879.949997425079,1.3538082083351939e-10
"[[49, 96], [26, 2], [22, 64], [52, 59], [49, 5], [31, 29], [23, 97], [10, 20], [47, 97], [47, 37]]",3.43857704038232,5894.392674207687,1.2861177979184341e-10
"[[49, 96], [26, 2], [23, 64], [52, 59], [49, 5], [31, 29], [23, 97], [10, 20], [47, 97], [47, 37]]",3.438890373148048,5908.857517957687,1.2218119080225124e-10
"[[49, 96], [26, 2], [22, 64], [52, 59], [49, 5], [31, 29], [23, 97], [10, 20], [47, 97], [47, 37]]",3.43857704038232,5923.294857263565,1.1607213126213867e-10
"[[49, 96], [26, 2], [23, 64], [52, 59], [49, 5], [31, 29], [23, 97], [10, 20], [47, 97], [47, 37]]",3.438890373148048,5937.737869024277,1.1026852469903174e-10
"[[49, 96], [26, 2], [22, 64], [52, 59], [49, 5], [31, 29], [23, 97], [10, 20], [47, 97], [47, 37]]",3.43857704038232,5952.205529212952,1.0475509846408014e-10
"[[49, 96], [26, 2], [23, 64], [52, 59], [49, 5], [31, 29], [23, 97], [10, 20], [47, 97], [47, 37]]",3.438890373148048,5966.661764383316,9.951734354087613e-11
"[[49, 96], [26, 2], [22, 64], [52, 59], [49, 5], [31, 29], [23, 97], [10, 20], [47, 97], [47, 37]]",3.43857704038232,5981.052196741104,9.454147636383232e-11
"[[49, 96], [26, 2], [23, 64], [52, 59], [49, 5], [31, 29], [23, 97], [10, 20], [47, 97], [47, 37]]",3.438890373148048,5995.449975728989,8.98144025456407e-11
"[[49, 96], [26, 2], [22, 64], [52, 59], [49, 5], [31, 29], [23, 97], [10, 20], [47, 97], [47, 37]]",3.43857704038232,6009.91853928566,8.532368241835867e-11
"[[49, 96], [26, 2], [23, 64], [52, 59], [49, 5], [31, 29], [23, 97], [10, 20], [47, 97], [47, 37]]",3.438890373148048,6024.350419998169,8.105749829744073e-11
"[[49, 96], [26, 2], [22, 64], [52, 59], [49, 5], [31, 29], [23, 97], [10, 20], [47, 97], [47, 37]]",3.43857704038232,6038.741418600082,7.700462338256869e-11
"[[49, 96], [26, 2], [23, 64], [52, 59], [49, 5], [31, 29], [23, 97], [10, 20], [47, 97], [47, 37]]",3.438890373148048,6053.162719249725,7.315439221344025e-11
"[[49, 96], [26, 2], [22, 64], [52, 59], [49, 5], [31, 29], [23, 97], [10, 20], [47, 97], [47, 37]]",3.43857704038232,6067.62611246109,6.949667260276823e-11
"[[49, 96], [26, 2], [23, 64], [52, 59], [49, 5], [31, 29], [23, 97], [10, 20], [47, 97], [47, 37]]",3.438890373148048,6082.09339928627,6.602183897262981e-11
"[[49, 96], [26, 2], [22, 64], [52, 59], [49, 5], [31, 29], [23, 97], [10, 20], [47, 97], [47, 37]]",3.43857704038232,6096.549915790558,6.272074702399832e-11
"[[49, 96], [26, 2], [23, 64], [52, 59], [49, 5], [31, 29], [23, 97], [10, 20], [47, 97], [47, 37]]",3.438890373148048,6111.017993927002,5.95847096727984e-11
"[[49, 96], [26, 2], [22, 64], [52, 59], [49, 5], [31, 29], [23, 97], [10, 20], [47, 97], [47, 37]]",3.43857704038232,6125.435665369034,5.660547418915848e-11
"[[49, 96], [26, 2], [23, 64], [52, 59], [49, 5], [31, 29], [23, 97], [10, 20], [47, 97], [47, 37]]",3.438890373148048,6139.910660266876,5.377520047970055e-11
"[[49, 96], [26, 2], [22, 64], [52, 59], [49, 5], [31, 29], [23, 97], [10, 20], [47, 97], [47, 37]]",3.43857704038232,6154.418586015701,5.108644045571552e-11
"[[49, 96], [26, 2], [23, 64], [52, 59], [49, 5], [31, 29], [23, 97], [10, 20], [47, 97], [47, 37]]",3.438890373148048,6168.819434165955,4.8532118432929744e-11
"[[49, 96], [26, 2], [22, 64], [52, 59], [49, 5], [31, 29], [23, 97], [10, 20], [47, 97], [47, 37]]",3.43857704038232,6183.216061830521,4.6105512511283255e-11
"[[49, 96], [26, 2], [23, 64], [52, 59], [49, 5], [31, 29], [23, 97], [10, 20], [47, 97], [47, 37]]",3.438890373148048,6197.624947309494,4.380023688571909e-11
"[[49, 96], [26, 2], [22, 64], [52, 59], [49, 5], [31, 29], [23, 97], [10, 20], [47, 97], [47, 37]]",3.43857704038232,6212.086580276489,4.1610225041433134e-11
"[[49, 96], [26, 2], [23, 64], [52, 59], [49, 5], [31, 29], [23, 97], [10, 20], [47, 97], [47, 37]]",3.438890373148048,6226.512982606888,3.9529713789361476e-11
"[[49, 96], [26, 2], [22, 64], [52, 59], [49, 5], [31, 29], [23, 97], [10, 20], [47, 97], [47, 37]]",3.43857704038232,6240.972995042801,3.75532280998934e-11
"[[49, 96], [26, 2], [23, 64], [52, 59], [49, 5], [31, 29], [23, 97], [10, 20], [47, 97], [47, 37]]",3.438890373148048,6255.3635222911835,3.567556669489873e-11
"[[49, 96], [26, 2], [22, 64], [52, 59], [49, 5], [31, 29], [23, 97], [10, 20], [47, 97], [47, 37]]",3.43857704038232,6269.815579652786,3.389178836015379e-11
"[[49, 96], [26, 2], [23, 64], [52, 59], [49, 5], [31, 29], [23, 97], [10, 20], [47, 97], [47, 37]]",3.438890373148048,6284.299610614777,3.21971989421461e-11
"[[49, 96], [26, 2], [22, 64], [52, 59], [49, 5], [31, 29], [23, 97], [10, 20], [47, 97], [47, 37]]",3.43857704038232,6298.695783376694,3.0587338995038793e-11
"[[49, 96], [26, 2], [23, 64], [52, 59], [49, 5], [31, 29], [23, 97], [10, 20], [47, 97], [47, 37]]",3.438890373148048,6313.06229186058,2.9057972045286852e-11
"[[49, 96], [26, 2], [22, 64], [52, 59], [49, 5], [31, 29], [23, 97], [10, 20], [47, 97], [47, 37]]",3.43857704038232,6327.466021537781,2.760507344302251e-11
"[[49, 96], [26, 2], [23, 64], [52, 59], [49, 5], [31, 29], [23, 97], [10, 20], [47, 97], [47, 37]]",3.438890373148048,6341.871718406677,2.6224819770871382e-11
"[[49, 96], [26, 2], [22, 64], [52, 59], [49, 5], [31, 29], [23, 97], [10, 20], [47, 97], [47, 37]]",3.43857704038232,6356.364562511444,2.4913578782327812e-11
"[[49, 96], [26, 2], [23, 64], [52, 59], [49, 5], [31, 29], [23, 97], [10, 20], [47, 97], [47, 37]]",3.438890373148048,6370.796761035919,2.366789984321142e-11
"[[49, 96], [26, 2], [22, 64], [52, 59], [49, 5], [31, 29], [23, 97], [10, 20], [47, 97], [47, 37]]",3.43857704038232,6385.212257385254,2.248450485105085e-11
"[[49, 96], [26, 2], [23, 64], [52, 59], [49, 5], [31, 29], [23, 97], [10, 20], [47, 97], [47, 37]]",3.438890373148048,6399.706808805466,2.1360279608498306e-11
"[[49, 96], [26, 2], [22, 64], [52, 59], [49, 5], [31, 29], [23, 97], [10, 20], [47, 97], [47, 37]]",3.43857704038232,6414.124884605408,2.029226562807339e-11
"[[49, 96], [26, 2], [23, 64], [52, 59], [49, 5], [31, 29], [23, 97], [10, 20], [47, 97], [47, 37]]",3.438890373148048,6428.558701038361,1.927765234666972e-11
"[[49, 96], [26, 2], [22, 64], [52, 59], [49, 5], [31, 29], [23, 97], [10, 20], [47, 97], [47, 37]]",3.43857704038232,6442.947766542435,1.8313769729336233e-11
"[[49, 96], [26, 2], [23, 64], [52, 59], [49, 5], [31, 29], [23, 97], [10, 20], [47, 97], [47, 37]]",3.438890373148048,6457.350336790085,1.739808124286942e-11
"[[49, 96], [26, 2], [22, 64], [52, 59], [49, 5], [31, 29], [23, 97], [10, 20], [47, 97], [47, 37]]",3.43857704038232,6471.807967424393,1.652817718072595e-11
"[[49, 96], [26, 2], [23, 64], [52, 59], [49, 5], [31, 29], [23, 97], [10, 20], [47, 97], [47, 37]]",3.438890373148048,6486.253445148468,1.5701768321689653e-11
"[[49, 96], [26, 2], [22, 64], [52, 59], [49, 5], [31, 29], [23, 97], [10, 20], [47, 97], [47, 37]]",3.43857704038232,6500.671462774277,1.4916679905605168e-11
"[[49, 96], [26, 2], [23, 64], [52, 59], [49, 5], [31, 29], [23, 97], [10, 20], [47, 97], [47, 37]]",3.438890373148048,6515.1978549957275,1.4170845910324909e-11
"[[49, 96], [26, 2], [22, 64], [52, 59], [49, 5], [31, 29], [23, 97], [10, 20], [47, 97], [47, 37]]",3.43857704038232,6529.638412237167,1.3462303614808662e-11
"[[49, 96], [26, 2], [23, 64], [52, 59], [49, 5], [31, 29], [23, 97], [10, 20], [47, 97], [47, 37]]",3.438890373148048,6544.1537346839905,1.2789188434068229e-11
"[[49, 96], [26, 2], [22, 64], [52, 59], [49, 5], [31, 29], [23, 97], [10, 20], [47, 97], [47, 37]]",3.43857704038232,6558.614419221878,1.2149729012364817e-11
"[[49, 96], [26, 2], [23, 64], [52, 59], [49, 5], [31, 29], [23, 97], [10, 20], [47, 97], [47, 37]]",3.438890373148048,6573.034759044647,1.1542242561746576e-11
"[[49, 96], [26, 2], [22, 64], [52, 59], [49, 5], [31, 29], [23, 97], [10, 20], [47, 97], [47, 37]]",3.43857704038232,6587.42719244957,1.0965130433659246e-11
"[[49, 96], [26, 2], [23, 64], [52, 59], [49, 5], [31, 29], [23, 97], [10, 20], [47, 97], [47, 37]]",3.438890373148048,6601.83766078949,1.0416873911976284e-11
"[[49, 96], [26, 2], [22, 64], [52, 59], [49, 5], [31, 29], [23, 97], [10, 20], [47, 97], [47, 37]]",3.43857704038232,6616.274469137192,9.896030216377469e-12
"[[49, 96], [26, 2], [23, 64], [52, 59], [49, 5], [31, 29], [23, 97], [10, 20], [47, 97], [47, 37]]",3.438890373148048,6630.814396619797,9.401228705558595e-12
"[[49, 96], [26, 2], [22, 64], [52, 59], [49, 5], [31, 29], [23, 97], [10, 20], [47, 97], [47, 37]]",3.43857704038232,6645.24653673172,8.931167270280664e-12
"[[49, 96], [26, 2], [23, 64], [52, 59], [49, 5], [31, 29], [23, 97], [10, 20], [47, 97], [47, 37]]",3.438890373148048,6659.653193235397,8.48460890676663e-12
"[[49, 96], [26, 2], [22, 64], [52, 59], [49, 5], [31, 29], [23, 97], [10, 20], [47, 97], [47, 37]]",3.43857704038232,6674.061691761017,8.0603784614283e-12
"[[49, 96], [26, 2], [23, 64], [52, 59], [49, 5], [31, 29], [23, 97], [10, 20], [47, 97], [47, 37]]",3.438890373148048,6688.491453409195,7.657359538356884e-12
"[[49, 96], [26, 2], [22, 64], [52, 59], [49, 5], [31, 29], [23, 97], [10, 20], [47, 97], [47, 37]]",3.43857704038232,6702.963808059692,7.274491561439039e-12
"[[49, 96], [26, 2], [23, 64], [52, 59], [49, 5], [31, 29], [23, 97], [10, 20], [47, 97], [47, 37]]",3.438890373148048,6717.385763168335,6.9107669833670865e-12
"[[49, 96], [26, 2], [22, 64], [52, 59], [49, 5], [31, 29], [23, 97], [10, 20], [47, 97], [47, 37]]",3.43857704038232,6731.796059846878,6.565228634198732e-12
"[[49, 96], [26, 2], [23, 64], [52, 59], [49, 5], [31, 29], [23, 97], [10, 20], [47, 97], [47, 37]]",3.438890373148048,6746.211352348328,6.236967202488796e-12
"[[49, 96], [26, 2], [22, 64], [52, 59], [49, 5], [31, 29], [23, 97], [10, 20], [47, 97], [47, 37]]",3.43857704038232,6760.654783964157,5.925118842364355e-12
"[[49, 96], [26, 2], [23, 64], [52, 59], [49, 5], [31, 29], [23, 97], [10, 20], [47, 97], [47, 37]]",3.438890373148048,6775.075730085373,5.6288629002461375e-12
"[[49, 96], [26, 2], [22, 64], [52, 59], [49, 5], [31, 29], [23, 97], [10, 20], [47, 97], [47, 37]]",3.43857704038232,6789.450252056122,5.347419755233831e-12
"[[49, 96], [26, 2], [23, 64], [52, 59], [49, 5], [31, 29], [23, 97], [10, 20], [47, 97], [47, 37]]",3.438890373148048,6803.839836835861,5.080048767472139e-12
"[[49, 96], [26, 2], [22, 64], [52, 59], [49, 5], [31, 29], [23, 97], [10, 20], [47, 97], [47, 37]]",3.43857704038232,6818.267359972,4.826046329098531e-12
"[[49, 96], [26, 2], [23, 64], [52, 59], [49, 5], [31, 29], [23, 97], [10, 20], [47, 97], [47, 37]]",3.438890373148048,6832.738933801651,4.584744012643605e-12
"[[49, 96], [26, 2], [22, 64], [52, 59], [49, 5], [31, 29], [23, 97], [10, 20], [47, 97], [47, 37]]",3.43857704038232,6847.213660240173,4.355506812011424e-12
"[[49, 96], [26, 2], [23, 64], [52, 59], [49, 5], [31, 29], [23, 97], [10, 20], [47, 97], [47, 37]]",3.438890373148048,6861.665619134903,4.137731471410853e-12
"[[49, 96], [26, 2], [22, 64], [52, 59], [49, 5], [31, 29], [23, 97], [10, 20], [47, 97], [47, 37]]",3.43857704038232,6876.184098005295,3.93084489784031e-12
"[[49, 96], [26, 2], [23, 64], [52, 59], [49, 5], [31, 29], [23, 97], [10, 20], [47, 97], [47, 37]]",3.438890373148048,6890.581256866455,3.734302652948294e-12
"[[49, 96], [26, 2], [22, 64], [52, 59], [49, 5], [31, 29], [23, 97], [10, 20], [47, 97], [47, 37]]",3.43857704038232,6905.021144151688,3.547587520300879e-12
"[[49, 96], [26, 2], [23, 64], [52, 59], [49, 5], [31, 29], [23, 97], [10, 20], [47, 97], [47, 37]]",3.438890373148048,6919.490904808044,3.370208144285835e-12
"[[49, 96], [26, 2], [22, 64], [52, 59], [49, 5], [31, 29], [23, 97], [10, 20], [47, 97], [47, 37]]",3.43857704038232,6933.937182664871,3.201697737071543e-12
"[[49, 96], [26, 2], [23, 64], [52, 59], [49, 5], [31, 29], [23, 97], [10, 20], [47, 97], [47, 37]]",3.438890373148048,6948.384994983673,3.0416128502179658e-12
"[[49, 96], [26, 2], [22, 64], [52, 59], [49, 5], [31, 29], [23, 97], [10, 20], [47, 97], [47, 37]]",3.43857704038232,6962.803830623627,2.8895322077070673e-12
"[[49, 96], [26, 2], [23, 64], [52, 59], [49, 5], [31, 29], [23, 97], [10, 20], [47, 97], [47, 37]]",3.438890373148048,6977.265085697174,2.745055597321714e-12
"[[49, 96], [26, 2], [22, 64], [52, 59], [49, 5], [31, 29], [23, 97], [10, 20], [47, 97], [47, 37]]",3.43857704038232,6991.756533384323,2.607802817455628e-12
"[[49, 96], [26, 2], [23, 64], [52, 59], [49, 5], [31, 29], [23, 97], [10, 20], [47, 97], [47, 37]]",3.438890373148048,7006.329034090042,2.4774126765828464e-12
"[[49, 96], [26, 2], [22, 64], [52, 59], [49, 5], [31, 29], [23, 97], [10, 20], [47, 97], [47, 37]]",3.43857704038232,7020.723251104355,2.353542042753704e-12
"[[49, 96], [26, 2], [23, 64], [52, 59], [49, 5], [31, 29], [23, 97], [10, 20], [47, 97], [47, 37]]",3.438890373148048,7035.266505479813,2.2358649406160186e-12
"[[49, 96], [26, 2], [22, 64], [52, 59], [49, 5], [31, 29], [23, 97], [10, 20], [47, 97], [47, 37]]",3.43857704038232,7049.679861783981,2.1240716935852176e-12
"[[49, 96], [26, 2], [23, 64], [52, 59], [49, 5], [31, 29], [23, 97], [10, 20], [47, 97], [47, 37]]",3.438890373148048,7064.058138370514,2.0178681089059567e-12
"[[49, 96], [26, 2], [22, 64], [52, 59], [49, 5], [31, 29], [23, 97], [10, 20], [47, 97], [47, 37]]",3.43857704038232,7078.472377300262,1.9169747034606587e-12
"[[49, 96], [26, 2], [23, 64], [52, 59], [49, 5], [31, 29], [23, 97], [10, 20], [47, 97], [47, 37]]",3.438890373148048,7092.895927190781,1.8211259682876257e-12
"[[49, 96], [26, 2], [22, 64], [52, 59], [49, 5], [31, 29], [23, 97], [10, 20], [47, 97], [47, 37]]",3.43857704038232,7107.341076374054,1.7300696698732444e-12
"[[49, 96], [26, 2], [23, 64], [52, 59], [49, 5], [31, 29], [23, 97], [10, 20], [47, 97], [47, 37]]",3.438890373148048,7121.750395059586,1.643566186379582e-12
"[[49, 96], [26, 2], [22, 64], [52, 59], [49, 5], [31, 29], [23, 97], [10, 20], [47, 97], [47, 37]]",3.43857704038232,7136.13760137558,1.5613878770606029e-12
"[[49, 96], [26, 2], [23, 64], [52, 59], [49, 5], [31, 29], [23, 97], [10, 20], [47, 97], [47, 37]]",3.438890373148048,7150.586172819138,1.4833184832075727e-12
"[[49, 96], [26, 2], [22, 64], [52, 59], [49, 5], [31, 29], [23, 97], [10, 20], [47, 97], [47, 37]]",3.43857704038232,7165.003920793533,1.409152559047194e-12
"[[49, 96], [26, 2], [23, 64], [52, 59], [49, 5], [31, 29], [23, 97], [10, 20], [47, 97], [47, 37]]",3.438890373148048,7179.453848600388,1.3386949310948342e-12
"[[49, 96], [26, 2], [22, 64], [52, 59], [49, 5], [31, 29], [23, 97], [10, 20], [47, 97], [47, 37]]",3.43857704038232,7194.080689430237,1.2717601845400924e-12
"[[49, 96], [26, 2], [23, 64], [52, 59], [49, 5], [31, 29], [23, 97], [10, 20], [47, 97], [47, 37]]",3.438890373148048,7208.564905405045,1.2081721753130878e-12
"[[49, 96], [26, 2], [22, 64], [52, 59], [49, 5], [31, 29], [23, 97], [10, 20], [47, 97], [47, 37]]",3.43857704038232,7223.042479991913,1.1477635665474333e-12
"[[49, 96], [26, 2], [23, 64], [52, 59], [49, 5], [31, 29], [23, 97], [10, 20], [47, 97], [47, 37]]",3.438890373148048,7237.427032470703,1.0903753882200615e-12
"[[49, 96], [26, 2], [22, 64], [52, 59], [49, 5], [31, 29], [23, 97], [10, 20], [47, 97], [47, 37]]",3.43857704038232,7251.879724025726,1.0358566188090585e-12
"[[49, 96], [26, 2], [23, 64], [52, 59], [49, 5], [31, 29], [23, 97], [10, 20], [47, 97], [47, 37]]",3.438890373148048,7266.317966222763,9.840637878686054e-13
"[[49, 96], [26, 2], [22, 64], [52, 59], [49, 5], [31, 29], [23, 97], [10, 20], [47, 97], [47, 37]]",3.43857704038232,7280.810003042221,9.34860598475175e-13
"[[49, 96], [26, 2], [23, 64], [52, 59], [49, 5], [31, 29], [23, 97], [10, 20], [47, 97], [47, 37]]",3.438890373148048,7295.2472677230835,8.881175685514162e-13
"[[49, 96], [26, 2], [22, 64], [52, 59], [49, 5], [31, 29], [23, 97], [10, 20], [47, 97], [47, 37]]",3.43857704038232,7309.702831029892,8.437116901238454e-13
"[[49, 96], [26, 2], [23, 64], [52, 59], [49, 5], [31, 29], [23, 97], [10, 20], [47, 97], [47, 37]]",3.438890373148048,7324.157288789749,8.015261056176531e-13
"[[49, 96], [26, 2], [22, 64], [52, 59], [49, 5], [31, 29], [23, 97], [10, 20], [47, 97], [47, 37]]",3.43857704038232,7338.612397193909,7.614498003367704e-13
"[[49, 96], [26, 2], [23, 64], [52, 59], [49, 5], [31, 29], [23, 97], [10, 20], [47, 97], [47, 37]]",3.438890373148048,7353.078740596771,7.233773103199318e-13
"[[49, 96], [26, 2], [22, 64], [52, 59], [49, 5], [31, 29], [23, 97], [10, 20], [47, 97], [47, 37]]",3.43857704038232,7367.565723896027,6.872084448039352e-13
"[[49, 96], [26, 2], [23, 64], [52, 59], [49, 5], [31, 29], [23, 97], [10, 20], [47, 97], [47, 37]]",3.438890373148048,7382.045857191086,6.528480225637384e-13
"[[49, 96], [26, 2], [22, 64], [52, 59], [49, 5], [31, 29], [23, 97], [10, 20], [47, 97], [47, 37]]",3.43857704038232,7396.544194936752,6.202056214355515e-13
"[[49, 96], [26, 2], [23, 64], [52, 59], [49, 5], [31, 29], [23, 97], [10, 20], [47, 97], [47, 37]]",3.438890373148048,7411.059921503067,5.891953403637739e-13
"[[49, 96], [26, 2], [22, 64], [52, 59], [49, 5], [31, 29], [23, 97], [10, 20], [47, 97], [47, 37]]",3.43857704038232,7425.597021579742,5.597355733455851e-13
"[[49, 96], [26, 2], [23, 64], [52, 59], [49, 5], [31, 29], [23, 97], [10, 20], [47, 97], [47, 37]]",3.438890373148048,7440.016867637634,5.317487946783058e-13
"[[49, 96], [26, 2], [22, 64], [52, 59], [49, 5], [31, 29], [23, 97], [10, 20], [47, 97], [47, 37]]",3.43857704038232,7454.464288473129,5.051613549443905e-13
"[[49, 96], [26, 2], [23, 64], [52, 59], [49, 5], [31, 29], [23, 97], [10, 20], [47, 97], [47, 37]]",3.438890373148048,7468.853017568588,4.79903287197171e-13
"[[49, 96], [26, 2], [22, 64], [52, 59], [49, 5], [31, 29], [23, 97], [10, 20], [47, 97], [47, 37]]",3.43857704038232,7483.263206958771,4.559081228373124e-13
"[[49, 96], [26, 2], [23, 64], [52, 59], [49, 5], [31, 29], [23, 97], [10, 20], [47, 97], [47, 37]]",3.438890373148048,7497.680719137192,4.3311271669544675e-13
"[[49, 96], [26, 2], [22, 64], [52, 59], [49, 5], [31, 29], [23, 97], [10, 20], [47, 97], [47, 37]]",3.43857704038232,7512.164222240448,4.114570808606744e-13
"[[49, 96], [26, 2], [23, 64], [52, 59], [49, 5], [31, 29], [23, 97], [10, 20], [47, 97], [47, 37]]",3.438890373148048,7526.671756744385,3.9088422681764065e-13
"[[49, 96], [26, 2], [22, 64], [52, 59], [49, 5], [31, 29], [23, 97], [10, 20], [47, 97], [47, 37]]",3.43857704038232,7541.20051407814,3.713400154767586e-13
"[[49, 96], [26, 2], [23, 64], [52, 59], [49, 5], [31, 29], [23, 97], [10, 20], [47, 97], [47, 37]]",3.438890373148048,7555.703014373779,3.5277301470292065e-13
"[[49, 96], [26, 2], [22, 64], [52, 59], [49, 5], [31, 29], [23, 97], [10, 20], [47, 97], [47, 37]]",3.43857704038232,7570.17117023468,3.351343639677746e-13
"[[49, 96], [26, 2], [23, 64], [52, 59], [49, 5], [31, 29], [23, 97], [10, 20], [47, 97], [47, 37]]",3.438890373148048,7584.669277191162,3.1837764576938583e-13
"[[49, 96], [26, 2], [22, 64], [52, 59], [49, 5], [31, 29], [23, 97], [10, 20], [47, 97], [47, 37]]",3.43857704038232,7599.058470010757,3.024587634809165e-13
"[[49, 96], [26, 2], [23, 64], [52, 59], [49, 5], [31, 29], [23, 97], [10, 20], [47, 97], [47, 37]]",3.438890373148048,7613.492043018341,2.8733582530687066e-13
"[[49, 96], [26, 2], [22, 64], [52, 59], [49, 5], [31, 29], [23, 97], [10, 20], [47, 97], [47, 37]]",3.43857704038232,7627.925366163254,2.729690340415271e-13
"[[49, 96], [26, 2], [23, 64], [52, 59], [49, 5], [31, 29], [23, 97], [10, 20], [47, 97], [47, 37]]",3.438890373148048,7642.32617354393,2.593205823394507e-13
"[[49, 96], [26, 2], [22, 64], [52, 59], [49, 5], [31, 29], [23, 97], [10, 20], [47, 97], [47, 37]]",3.43857704038232,7656.775938272476,2.463545532224782e-13
"[[49, 96], [26, 2], [23, 64], [52, 59], [49, 5], [31, 29], [23, 97], [10, 20], [47, 97], [47, 37]]",3.438890373148048,7671.170513629913,2.3403682556135424e-13
"[[49, 96], [26, 2], [22, 64], [52, 59], [49, 5], [31, 29], [23, 97], [10, 20], [47, 97], [47, 37]]",3.43857704038232,7685.583447933197,2.2233498428328652e-13
"[[49, 96], [26, 2], [23, 64], [52, 59], [49, 5], [31, 29], [23, 97], [10, 20], [47, 97], [47, 37]]",3.438890373148048,7699.965559959412,2.112182350691222e-13
"[[49, 96], [26, 2], [22, 64], [52, 59], [49, 5], [31, 29], [23, 97], [10, 20], [47, 97], [47, 37]]",3.43857704038232,7714.349774122238,2.0065732331566607e-13
"[[49, 96], [26, 2], [23, 64], [52, 59], [49, 5], [31, 29], [23, 97], [10, 20], [47, 97], [47, 37]]",3.438890373148048,7728.8875041008,1.9062445714988276e-13
"[[49, 96], [26, 2], [22, 64], [52, 59], [49, 5], [31, 29], [23, 97], [10, 20], [47, 97], [47, 37]]",3.43857704038232,7743.307775020599,1.810932342923886e-13
"[[49, 96], [26, 2], [23, 64], [52, 59], [49, 5], [31, 29], [23, 97], [10, 20], [47, 97], [47, 37]]",3.438890373148048,7757.7177493572235,1.7203857257776917e-13
"[[49, 96], [26, 2], [22, 64], [52, 59], [49, 5], [31, 29], [23, 97], [10, 20], [47, 97], [47, 37]]",3.43857704038232,7772.123111963272,1.634366439488807e-13
"[[49, 96], [26, 2], [23, 64], [52, 59], [49, 5], [31, 29], [23, 97], [10, 20], [47, 97], [47, 37]]",3.438890373148048,7786.558475732803,1.5526481175143667e-13
"[[49, 96], [26, 2], [22, 64], [52, 59], [49, 5], [31, 29], [23, 97], [10, 20], [47, 97], [47, 37]]",3.43857704038232,7801.006972074509,1.4750157116386484e-13
"[[49, 96], [26, 2], [23, 64], [52, 59], [49, 5], [31, 29], [23, 97], [10, 20], [47, 97], [47, 37]]",3.438890373148048,7815.4635355472565,1.4012649260567158e-13
"[[49, 96], [26, 2], [22, 64], [52, 59], [49, 5], [31, 29], [23, 97], [10, 20], [47, 97], [47, 37]]",3.43857704038232,7829.900048732758,1.33120167975388e-13
"[[49, 96], [26, 2], [23, 64], [52, 59], [49, 5], [31, 29], [23, 97], [10, 20], [47, 97], [47, 37]]",3.438890373148048,7844.313264608383,1.264641595766186e-13
"[[49, 96], [26, 2], [22, 64], [52, 59], [49, 5], [31, 29], [23, 97], [10, 20], [47, 97], [47, 37]]",3.43857704038232,7858.802289485931,1.2014095159778768e-13
"[[49, 96], [26, 2], [23, 64], [52, 59], [49, 5], [31, 29], [23, 97], [10, 20], [47, 97], [47, 37]]",3.438890373148048,7873.179376363754,1.141339040178983e-13
"[[49, 96], [26, 2], [22, 64], [52, 59], [49, 5], [31, 29], [23, 97], [10, 20], [47, 97], [47, 37]]",3.43857704038232,7887.566296339035,1.0842720881700338e-13
"[[49, 96], [26, 2], [23, 64], [52, 59], [49, 5], [31, 29], [23, 97], [10, 20], [47, 97], [47, 37]]",3.438890373148048,7901.963211297989,1.0300584837615321e-13
"[[49, 96], [26, 2], [22, 64], [52, 59], [49, 5], [31, 29], [23, 97], [10, 20], [47, 97], [47, 37]]",3.43857704038232,7916.373850822449,9.785555595734555e-14
"[[49, 96], [26, 2], [23, 64], [52, 59], [49, 5], [31, 29], [23, 97], [10, 20], [47, 97], [47, 37]]",3.438890373148048,7930.799386978149,9.296277815947827e-14
"[[49, 96], [26, 2], [22, 64], [52, 59], [49, 5], [31, 29], [23, 97], [10, 20], [47, 97], [47, 37]]",3.43857704038232,7945.1888473033905,8.831463925150435e-14
"[[49, 96], [26, 2], [23, 64], [52, 59], [49, 5], [31, 29], [23, 97], [10, 20], [47, 97], [47, 37]]",3.438890373148048,7959.654013633728,8.389890728892913e-14
"[[49, 96], [26, 2], [22, 64], [52, 59], [49, 5], [31, 29], [23, 97], [10, 20], [47, 97], [47, 37]]",3.43857704038232,7974.066725492477,7.970396192448267e-14
"[[49, 96], [26, 2], [23, 64], [52, 59], [49, 5], [31, 29], [23, 97], [10, 20], [47, 97], [47, 37]]",3.438890373148048,7988.509958028793,7.571876382825853e-14
"[[49, 96], [26, 2], [22, 64], [52, 59], [49, 5], [31, 29], [23, 97], [10, 20], [47, 97], [47, 37]]",3.43857704038232,8002.957754611969,7.19328256368456e-14
"[[49, 96], [26, 2], [23, 64], [52, 59], [49, 5], [31, 29], [23, 97], [10, 20], [47, 97], [47, 37]]",3.438890373148048,8017.351243257523,6.833618435500332e-14
"[[49, 96], [26, 2], [22, 64], [52, 59], [49, 5], [31, 29], [23, 97], [10, 20], [47, 97], [47, 37]]",3.43857704038232,8031.8218126297,6.491937513725315e-14
"[[49, 96], [26, 2], [23, 64], [52, 59], [49, 5], [31, 29], [23, 97], [10, 20], [47, 97], [47, 37]]",3.438890373148048,8046.24872303009,6.167340638039049e-14
"[[49, 96], [26, 2], [22, 64], [52, 59], [49, 5], [31, 29], [23, 97], [10, 20], [47, 97], [47, 37]]",3.43857704038232,8060.70148730278,5.858973606137097e-14
"[[49, 96], [26, 2], [23, 64], [52, 59], [49, 5], [31, 29], [23, 97], [10, 20], [47, 97], [47, 37]]",3.438890373148048,8075.260822057724,5.566024925830242e-14
"[[49, 96], [26, 2], [22, 64], [52, 59], [49, 5], [31, 29], [23, 97], [10, 20], [47, 97], [47, 37]]",3.43857704038232,8089.690253019333,5.2877236795387294e-14
"[[49, 96], [26, 2], [23, 64], [52, 59], [49, 5], [31, 29], [23, 97], [10, 20], [47, 97], [47, 37]]",3.438890373148048,8104.135749101639,5.0233374955617924e-14
"[[49, 96], [26, 2], [22, 64], [52, 59], [49, 5], [31, 29], [23, 97], [10, 20], [47, 97], [47, 37]]",3.43857704038232,8118.59533572197,4.7721706207837024e-14
"[[49, 96], [26, 2], [23, 64], [52, 59], [49, 5], [31, 29], [23, 97], [10, 20], [47, 97], [47, 37]]",3.438890373148048,8133.0311279296875,4.533562089744517e-14
"[[49, 96], [26, 2], [22, 64], [52, 59], [49, 5], [31, 29], [23, 97], [10, 20], [47, 97], [47, 37]]",3.43857704038232,8147.395740032196,4.306883985257291e-14
"[[49, 96], [26, 2], [23, 64], [52, 59], [49, 5], [31, 29], [23, 97], [10, 20], [47, 97], [47, 37]]",3.438890373148048,8161.786163806915,4.0915397859944265e-14
"[[49, 96], [26, 2], [22, 64], [52, 59], [49, 5], [31, 29], [23, 97], [10, 20], [47, 97], [47, 37]]",3.43857704038232,8176.17385840416,3.886962796694705e-14
"[[49, 96], [26, 2], [23, 64], [52, 59], [49, 5], [31, 29], [23, 97], [10, 20], [47, 97], [47, 37]]",3.438890373148048,8190.570967197418,3.6926146568599694e-14
"[[49, 96], [26, 2], [22, 64], [52, 59], [49, 5], [31, 29], [23, 97], [10, 20], [47, 97], [47, 37]]",3.43857704038232,8205.028766393661,3.507983924016971e-14
"[[49, 96], [26, 2], [23, 64], [52, 59], [49, 5], [31, 29], [23, 97], [10, 20], [47, 97], [47, 37]]",3.438890373148048,8219.40212726593,3.332584727816122e-14
"[[49, 96], [26, 2], [22, 64], [52, 59], [49, 5], [31, 29], [23, 97], [10, 20], [47, 97], [47, 37]]",3.43857704038232,8233.783586025238,3.165955491425316e-14
"[[49, 96], [26, 2], [23, 64], [52, 59], [49, 5], [31, 29], [23, 97], [10, 20], [47, 97], [47, 37]]",3.438890373148048,8248.227276563644,3.00765771685405e-14
"[[49, 96], [26, 2], [22, 64], [52, 59], [49, 5], [31, 29], [23, 97], [10, 20], [47, 97], [47, 37]]",3.43857704038232,8262.63997912407,2.8572748310113474e-14
"[[49, 96], [26, 2], [23, 64], [52, 59], [49, 5], [31, 29], [23, 97], [10, 20], [47, 97], [47, 37]]",3.438890373148048,8277.081395626068,2.7144110894607798e-14
"[[49, 96], [26, 2], [22, 64], [52, 59], [49, 5], [31, 29], [23, 97], [10, 20], [47, 97], [47, 37]]",3.43857704038232,8291.56660413742,2.5786905349877408e-14
"[[49, 96], [26, 2], [23, 64], [52, 59], [49, 5], [31, 29], [23, 97], [10, 20], [47, 97], [47, 37]]",3.438890373148048,8306.100275993347,2.4497560082383537e-14
"[[49, 96], [26, 2], [22, 64], [52, 59], [49, 5], [31, 29], [23, 97], [10, 20], [47, 97], [47, 37]]",3.43857704038232,8320.529265165329,2.327268207826436e-14
"[[49, 96], [26, 2], [23, 64], [52, 59], [49, 5], [31, 29], [23, 97], [10, 20], [47, 97], [47, 37]]",3.438890373148048,8334.943411111832,2.210904797435114e-14
"[[49, 96], [26, 2], [22, 64], [52, 59], [49, 5], [31, 29], [23, 97], [10, 20], [47, 97], [47, 37]]",3.43857704038232,8349.443061590195,2.1003595575633584e-14
"[[49, 96], [26, 2], [23, 64], [52, 59], [49, 5], [31, 29], [23, 97], [10, 20], [47, 97], [47, 37]]",3.438890373148048,8363.887321710587,1.9953415796851905e-14
"[[49, 96], [26, 2], [22, 64], [52, 59], [49, 5], [31, 29], [23, 97], [10, 20], [47, 97], [47, 37]]",3.43857704038232,8378.313087463379,1.8955745007009308e-14
"[[49, 96], [26, 2], [23, 64], [52, 59], [49, 5], [31, 29], [23, 97], [10, 20], [47, 97], [47, 37]]",3.438890373148048,8392.74093914032,1.8007957756658842e-14
"[[49, 96], [26, 2], [22, 64], [52, 59], [49, 5], [31, 29], [23, 97], [10, 20], [47, 97], [47, 37]]",3.43857704038232,8407.376811265945,1.71075598688259e-14
"[[49, 96], [26, 2], [23, 64], [52, 59], [49, 5], [31, 29], [23, 97], [10, 20], [47, 97], [47, 37]]",3.438890373148048,8421.849530935287,1.6252181875384604e-14
"[[49, 96], [26, 2], [22, 64], [52, 59], [49, 5], [31, 29], [23, 97], [10, 20], [47, 97], [47, 37]]",3.43857704038232,8436.363508939743,1.5439572781615372e-14
"[[49, 96], [26, 2], [23, 64], [52, 59], [49, 5], [31, 29], [23, 97], [10, 20], [47, 97], [47, 37]]",3.438890373148048,8450.814866304398,1.4667594142534604e-14
"[[49, 96], [26, 2], [22, 64], [52, 59], [49, 5], [31, 29], [23, 97], [10, 20], [47, 97], [47, 37]]",3.43857704038232,8465.337178230286,1.3934214435407872e-14
"[[49, 96], [26, 2], [23, 64], [52, 59], [49, 5], [31, 29], [23, 97], [10, 20], [47, 97], [47, 37]]",3.438890373148048,8479.821135282516,1.3237503713637477e-14
"[[49, 96], [26, 2], [22, 64], [52, 59], [49, 5], [31, 29], [23, 97], [10, 20], [47, 97], [47, 37]]",3.43857704038232,8494.230305433273,1.2575628527955604e-14
"[[49, 96], [26, 2], [23, 64], [52, 59], [49, 5], [31, 29], [23, 97], [10, 20], [47, 97], [47, 37]]",3.438890373148048,8508.777649402618,1.1946847101557822e-14
"[[49, 96], [26, 2], [22, 64], [52, 59], [49, 5], [31, 29], [23, 97], [10, 20], [47, 97], [47, 37]]",3.43857704038232,8523.241943836212,1.134950474647993e-14
"[[49, 96], [26, 2], [23, 64], [52, 59], [49, 5], [31, 29], [23, 97], [10, 20], [47, 97], [47, 37]]",3.438890373148048,8537.643412828445,1.0782029509155933e-14
"[[49, 96], [26, 2], [22, 64], [52, 59], [49, 5], [31, 29], [23, 97], [10, 20], [47, 97], [47, 37]]",3.43857704038232,8552.052449464798,1.0242928033698136e-14
"[[49, 96], [26, 2], [23, 64], [52, 59], [49, 5], [31, 29], [23, 97], [10, 20], [47, 97], [47, 37]]",3.438890373148048,8566.570915937424,9.73078163201323e-15
"[[49, 96], [26, 2], [22, 64], [52, 59], [49, 5], [31, 29], [23, 97], [10, 20], [47, 97], [47, 37]]",3.43857704038232,8581.004767417908,9.244242550412568e-15
"[[49, 96], [26, 2], [23, 64], [52, 59], [49, 5], [31, 29], [23, 97], [10, 20], [47, 97], [47, 37]]",3.438890373148048,8595.448194503784,8.782030422891939e-15
"[[49, 96], [26, 2], [22, 64], [52, 59], [49, 5], [31, 29], [23, 97], [10, 20], [47, 97], [47, 37]]",3.43857704038232,8609.886828422546,8.342928901747341e-15
"[[49, 96], [26, 2], [23, 64], [52, 59], [49, 5], [31, 29], [23, 97], [10, 20], [47, 97], [47, 37]]",3.438890373148048,8624.34550690651,7.925782456659974e-15
"[[49, 96], [26, 2], [22, 64], [52, 59], [49, 5], [31, 29], [23, 97], [10, 20], [47, 97], [47, 37]]",3.43857704038232,8638.795172452927,7.529493333826974e-15
"[[49, 96], [26, 2], [23, 64], [52, 59], [49, 5], [31, 29], [23, 97], [10, 20], [47, 97], [47, 37]]",3.438890373148048,8653.225825309753,7.153018667135625e-15
"[[49, 96], [26, 2], [22, 64], [52, 59], [49, 5], [31, 29], [23, 97], [10, 20], [47, 97], [47, 37]]",3.43857704038232,8667.651417970657,6.795367733778843e-15
"[[49, 96], [26, 2], [23, 64], [52, 59], [49, 5], [31, 29], [23, 97], [10, 20], [47, 97], [47, 37]]",3.438890373148048,8682.140898704529,6.4555993470899e-15
"[[49, 96], [26, 2], [22, 64], [52, 59], [49, 5], [31, 29], [23, 97], [10, 20], [47, 97], [47, 37]]",3.43857704038232,8696.623736858368,6.132819379735405e-15
"[[49, 96], [26, 2], [23, 64], [52, 59], [49, 5], [31, 29], [23, 97], [10, 20], [47, 97], [47, 37]]",3.438890373148048,8711.211529254913,5.826178410748634e-15
"[[49, 96], [26, 2], [22, 64], [52, 59], [49, 5], [31, 29], [23, 97], [10, 20], [47, 97], [47, 37]]",3.43857704038232,8725.63436794281,5.5348694902112026e-15
"[[49, 96], [26, 2], [23, 64], [52, 59], [49, 5], [31, 29], [23, 97], [10, 20], [47, 97], [47, 37]]",3.438890373148048,8740.015504598618,5.258126015700642e-15
"[[49, 96], [26, 2], [22, 64], [52, 59], [49, 5], [31, 29], [23, 97], [10, 20], [47, 97], [47, 37]]",3.43857704038232,8754.466497659683,4.995219714915609e-15
"[[49, 96], [26, 2], [23, 64], [52, 59], [49, 5], [31, 29], [23, 97], [10, 20], [47, 97], [47, 37]]",3.438890373148048,8768.95320057869,4.745458729169829e-15
"[[49, 96], [26, 2], [22, 64], [52, 59], [49, 5], [31, 29], [23, 97], [10, 20], [47, 97], [47, 37]]",3.43857704038232,8783.363729953766,4.508185792711337e-15
"[[49, 96], [26, 2], [23, 64], [52, 59], [49, 5], [31, 29], [23, 97], [10, 20], [47, 97], [47, 37]]",3.438890373148048,8797.776267290115,4.282776503075771e-15
"[[49, 96], [26, 2], [22, 64], [52, 59], [49, 5], [31, 29], [23, 97], [10, 20], [47, 97], [47, 37]]",3.43857704038232,8812.161645650864,4.068637677921982e-15
"[[49, 96], [26, 2], [23, 64], [52, 59], [49, 5], [31, 29], [23, 97], [10, 20], [47, 97], [47, 37]]",3.438890373148048,8826.633460760117,3.8652057940258825e-15
"[[49, 96], [26, 2], [22, 64], [52, 59], [49, 5], [31, 29], [23, 97], [10, 20], [47, 97], [47, 37]]",3.43857704038232,8841.102854251862,3.6719455043245884e-15
"[[49, 96], [26, 2], [23, 64], [52, 59], [49, 5], [31, 29], [23, 97], [10, 20], [47, 97], [47, 37]]",3.438890373148048,8855.514439821243,3.4883482291083587e-15
"[[49, 96], [26, 2], [22, 64], [52, 59], [49, 5], [31, 29], [23, 97], [10, 20], [47, 97], [47, 37]]",3.43857704038232,8869.90611410141,3.3139308176529404e-15
"[[49, 96], [26, 2], [23, 64], [52, 59], [49, 5], [31, 29], [23, 97], [10, 20], [47, 97], [47, 37]]",3.438890373148048,8884.350340366364,3.1482342767702933e-15
"[[49, 96], [26, 2], [22, 64], [52, 59], [49, 5], [31, 29], [23, 97], [10, 20], [47, 97], [47, 37]]",3.43857704038232,8898.849767446518,2.9908225629317786e-15
"[[49, 96], [26, 2], [23, 64], [52, 59], [49, 5], [31, 29], [23, 97], [10, 20], [47, 97], [47, 37]]",3.438890373148048,8913.29480957985,2.8412814347851897e-15
"[[49, 96], [26, 2], [22, 64], [52, 59], [49, 5], [31, 29], [23, 97], [10, 20], [47, 97], [47, 37]]",3.43857704038232,8927.760160684586,2.69921736304593e-15
"[[49, 96], [26, 2], [23, 64], [52, 59], [49, 5], [31, 29], [23, 97], [10, 20], [47, 97], [47, 37]]",3.438890373148048,8942.170686483383,2.5642564948936334e-15
"[[49, 96], [26, 2], [22, 64], [52, 59], [49, 5], [31, 29], [23, 97], [10, 20], [47, 97], [47, 37]]",3.43857704038232,8956.651646614075,2.4360436701489517e-15
"[[49, 96], [26, 2], [23, 64], [52, 59], [49, 5], [31, 29], [23, 97], [10, 20], [47, 97], [47, 37]]",3.438890373148048,8971.108385324478,2.314241486641504e-15
"[[49, 96], [26, 2], [22, 64], [52, 59], [49, 5], [31, 29], [23, 97], [10, 20], [47, 97], [47, 37]]",3.43857704038232,8985.530174732208,2.1985294123094285e-15
"[[49, 96], [26, 2], [23, 64], [52, 59], [49, 5], [31, 29], [23, 97], [10, 20], [47, 97], [47, 37]]",3.438890373148048,8999.916664361954,2.088602941693957e-15
"[[49, 96], [26, 2], [22, 64], [52, 59], [49, 5], [31, 29], [23, 97], [10, 20], [47, 97], [47, 37]]",3.43857704038232,9014.339089155197,1.984172794609259e-15
"[[49, 96], [26, 2], [23, 64], [52, 59], [49, 5], [31, 29], [23, 97], [10, 20], [47, 97], [47, 37]]",3.438890373148048,9028.78072142601,1.884964154878796e-15
"[[49, 96], [26, 2], [22, 64], [52, 59], [49, 5], [31, 29], [23, 97], [10, 20], [47, 97], [47, 37]]",3.43857704038232,9043.221845388412,1.790715947134856e-15
"[[49, 96], [26, 2], [23, 64], [52, 59], [49, 5], [31, 29], [23, 97], [10, 20], [47, 97], [47, 37]]",3.438890373148048,9057.670434236526,1.701180149778113e-15
"[[49, 96], [26, 2], [22, 64], [52, 59], [49, 5], [31, 29], [23, 97], [10, 20], [47, 97], [47, 37]]",3.43857704038232,9072.067314386368,1.6161211422892074e-15
"[[49, 96], [26, 2], [23, 64], [52, 59], [49, 5], [31, 29], [23, 97], [10, 20], [47, 97], [47, 37]]",3.438890373148048,9086.490038871765,1.535315085174747e-15
"[[49, 96], [26, 2], [22, 64], [52, 59], [49, 5], [31, 29], [23, 97], [10, 20], [47, 97], [47, 37]]",3.43857704038232,9100.931127786636,1.4585493309160096e-15
"[[49, 96], [26, 2], [23, 64], [52, 59], [49, 5], [31, 29], [23, 97], [10, 20], [47, 97], [47, 37]]",3.438890373148048,9115.32735157013,1.385621864370209e-15
"[[49, 96], [26, 2], [22, 64], [52, 59], [49, 5], [31, 29], [23, 97], [10, 20], [47, 97], [47, 37]]",3.43857704038232,9129.803344726562,1.3163407711516985e-15
"[[49, 96], [26, 2], [23, 64], [52, 59], [49, 5], [31, 29], [23, 97], [10, 20], [47, 97], [47, 37]]",3.438890373148048,9144.32624053955,1.2505237325941136e-15
"[[49, 96], [26, 2], [22, 64], [52, 59], [49, 5], [31, 29], [23, 97], [10, 20], [47, 97], [47, 37]]",3.43857704038232,9158.788935899734,1.187997545964408e-15
"[[49, 96], [26, 2], [23, 64], [52, 59], [49, 5], [31, 29], [23, 97], [10, 20], [47, 97], [47, 37]]",3.438890373148048,9173.25028014183,1.1285976686661875e-15
"[[49, 96], [26, 2], [22, 64], [52, 59], [49, 5], [31, 29], [23, 97], [10, 20], [47, 97], [47, 37]]",3.43857704038232,9187.636715650558,1.072167785232878e-15
"[[49, 96], [26, 2], [23, 64], [52, 59], [49, 5], [31, 29], [23, 97], [10, 20], [47, 97], [47, 37]]",3.438890373148048,9202.056206226349,1.0185593959712341e-15
"[[49, 96], [26, 2], [22, 64], [52, 59], [49, 5], [31, 29], [23, 97], [10, 20], [47, 97], [47, 37]]",3.43857704038232,9216.430644750595,9.676314261726724e-16
"[[49, 96], [26, 2], [23, 64], [52, 59], [49, 5], [31, 29], [23, 97], [10, 20], [47, 97], [47, 37]]",3.438890373148048,9228.392233371735,9.192498548640388e-16
"[[49, 96], [26, 2], [22, 64], [52, 59], [49, 5], [31, 29], [23, 97], [10, 20], [47, 97], [47, 37]]",3.43857704038232,9235.523741960526,8.732873621208368e-16
"[[49, 96], [26, 2], [23, 64], [52, 59], [49, 5], [31, 29], [23, 97], [10, 20], [47, 97], [47, 37]]",3.438890373148048,9242.635575771332,8.296229940147949e-16
"[[49, 96], [26, 2], [22, 64], [52, 59], [49, 5], [31, 29], [23, 97], [10, 20], [47, 97], [47, 37]]",3.43857704038232,9249.76353597641,7.881418443140551e-16
"[[49, 96], [26, 2], [23, 64], [52, 59], [49, 5], [31, 29], [23, 97], [10, 20], [47, 97], [47, 37]]",3.438890373148048,9256.882328271866,7.487347520983522e-16
"[[49, 96], [26, 2], [22, 64], [52, 59], [49, 5], [31, 29], [23, 97], [10, 20], [47, 97], [47, 37]]",3.43857704038232,9264.034733057022,7.112980144934346e-16
"[[49, 96], [26, 2], [23, 64], [52, 59], [49, 5], [31, 29], [23, 97], [10, 20], [47, 97], [47, 37]]",3.438890373148048,9271.163047790527,6.757331137687628e-16
"[[49, 96], [26, 2], [22, 64], [52, 59], [49, 5], [31, 29], [23, 97], [10, 20], [47, 97], [47, 37]]",3.43857704038232,9278.293648719788,6.419464580803247e-16
"[[49, 96], [26, 2], [23, 64], [52, 59], [49, 5], [31, 29], [23, 97], [10, 20], [47, 97], [47, 37]]",3.438890373148048,9285.410503864288,6.098491351763084e-16
"[[49, 96], [26, 2], [22, 64], [52, 59], [49, 5], [31, 29], [23, 97], [10, 20], [47, 97], [47, 37]]",3.43857704038232,9292.535479068756,5.79356678417493e-16
"[[49, 96], [26, 2], [23, 64], [52, 59], [49, 5], [31, 29], [23, 97], [10, 20], [47, 97], [47, 37]]",3.438890373148048,9299.676583528519,5.503888444966183e-16
"[[49, 96], [26, 2], [22, 64], [52, 59], [49, 5], [31, 29], [23, 97], [10, 20], [47, 97], [47, 37]]",3.43857704038232,9306.786616802216,5.228694022717873e-16
"[[49, 96], [26, 2], [23, 64], [52, 59], [49, 5], [31, 29], [23, 97], [10, 20], [47, 97], [47, 37]]",3.438890373148048,9313.99049282074,4.967259321581979e-16
"[[49, 96], [26, 2], [22, 64], [52, 59], [49, 5], [31, 29], [23, 97], [10, 20], [47, 97], [47, 37]]",3.43857704038232,9321.117910146713,4.71889635550288e-16
"[[49, 96], [26, 2], [23, 64], [52, 59], [49, 5], [31, 29], [23, 97], [10, 20], [47, 97], [47, 37]]",3.438890373148048,9328.225311994553,4.482951537727736e-16
"[[49, 96], [26, 2], [22, 64], [52, 59], [49, 5], [31, 29], [23, 97], [10, 20], [47, 97], [47, 37]]",3.43857704038232,9335.389770507812,4.258803960841349e-16
"[[49, 96], [26, 2], [23, 64], [52, 59], [49, 5], [31, 29], [23, 97], [10, 20], [47, 97], [47, 37]]",3.438890373148048,9342.501861095428,4.0458637627992815e-16
"[[49, 96], [26, 2], [22, 64], [52, 59], [49, 5], [31, 29], [23, 97], [10, 20], [47, 97], [47, 37]]",3.43857704038232,9349.621955633163,3.843570574659317e-16
"[[49, 96], [26, 2], [23, 64], [52, 59], [49, 5], [31, 29], [23, 97], [10, 20], [47, 97], [47, 37]]",3.438890373148048,9356.73293185234,3.651392045926351e-16
"[[49, 96], [26, 2], [22, 64], [52, 59], [49, 5], [31, 29], [23, 97], [10, 20], [47, 97], [47, 37]]",3.43857704038232,9363.974001646042,3.468822443630033e-16
"[[49, 96], [26, 2], [23, 64], [52, 59], [49, 5], [31, 29], [23, 97], [10, 20], [47, 97], [47, 37]]",3.438890373148048,9371.09287571907,3.295381321448531e-16
"[[49, 96], [26, 2], [22, 64], [52, 59], [49, 5], [31, 29], [23, 97], [10, 20], [47, 97], [47, 37]]",3.43857704038232,9378.202962398529,3.1306122553761046e-16
"[[49, 96], [26, 2], [23, 64], [52, 59], [49, 5], [31, 29], [23, 97], [10, 20], [47, 97], [47, 37]]",3.438890373148048,9385.31381058693,2.974081642607299e-16
"[[49, 96], [26, 2], [22, 64], [52, 59], [49, 5], [31, 29], [23, 97], [10, 20], [47, 97], [47, 37]]",3.43857704038232,9392.440300703049,2.8253775604769343e-16
"[[49, 96], [26, 2], [23, 64], [52, 59], [49, 5], [31, 29], [23, 97], [10, 20], [47, 97], [47, 37]]",3.438890373148048,9399.581441640854,2.6841086824530873e-16
"[[49, 96], [26, 2], [22, 64], [52, 59], [49, 5], [31, 29], [23, 97], [10, 20], [47, 97], [47, 37]]",3.43857704038232,9406.702570199966,2.549903248330433e-16
"[[49, 96], [26, 2], [23, 64], [52, 59], [49, 5], [31, 29], [23, 97], [10, 20], [47, 97], [47, 37]]",3.438890373148048,9413.818499326706,2.422408085913911e-16
"[[49, 96], [26, 2], [22, 64], [52, 59], [49, 5], [31, 29], [23, 97], [10, 20], [47, 97], [47, 37]]",3.43857704038232,9420.933913230896,2.3012876816182154e-16
"[[49, 96], [26, 2], [23, 64], [52, 59], [49, 5], [31, 29], [23, 97], [10, 20], [47, 97], [47, 37]]",3.438890373148048,9428.066881656647,2.1862232975373046e-16
"[[49, 96], [26, 2], [22, 64], [52, 59], [49, 5], [31, 29], [23, 97], [10, 20], [47, 97], [47, 37]]",3.43857704038232,9435.208942651749,2.0769121326604392e-16
"[[49, 96], [26, 2], [23, 64], [52, 59], [49, 5], [31, 29], [23, 97], [10, 20], [47, 97], [47, 37]]",3.438890373148048,9442.333754062653,1.9730665260274172e-16
"[[49, 96], [26, 2], [22, 64], [52, 59], [49, 5], [31, 29], [23, 97], [10, 20], [47, 97], [47, 37]]",3.43857704038232,9449.433745622635,1.8744131997260461e-16
"[[49, 96], [26, 2], [23, 64], [52, 59], [49, 5], [31, 29], [23, 97], [10, 20], [47, 97], [47, 37]]",3.438890373148048,9456.552630901337,1.780692539739744e-16
"[[49, 96], [26, 2], [22, 64], [52, 59], [49, 5], [31, 29], [23, 97], [10, 20], [47, 97], [47, 37]]",3.43857704038232,9463.667990922928,1.6916579127527566e-16
"[[49, 96], [26, 2], [23, 64], [52, 59], [49, 5], [31, 29], [23, 97], [10, 20], [47, 97], [47, 37]]",3.438890373148048,9470.826536178589,1.6070750171151186e-16
"[[49, 96], [26, 2], [22, 64], [52, 59], [49, 5], [31, 29], [23, 97], [10, 20], [47, 97], [47, 37]]",3.43857704038232,9477.956432580948,1.5267212662593626e-16
"[[49, 96], [26, 2], [23, 64], [52, 59], [49, 5], [31, 29], [23, 97], [10, 20], [47, 97], [47, 37]]",3.438890373148048,9485.080085754395,1.4503852029463943e-16
"[[49, 96], [26, 2], [22, 64], [52, 59], [49, 5], [31, 29], [23, 97], [10, 20], [47, 97], [47, 37]]",3.43857704038232,9492.199943780899,1.3778659427990744e-16
"[[49, 96], [26, 2], [23, 64], [52, 59], [49, 5], [31, 29], [23, 97], [10, 20], [47, 97], [47, 37]]",3.438890373148048,9499.351131439209,1.3089726456591207e-16
"[[49, 96], [26, 2], [22, 64], [52, 59], [49, 5], [31, 29], [23, 97], [10, 20], [47, 97], [47, 37]]",3.43857704038232,9506.452649116516,1.2435240133761646e-16
"[[49, 96], [26, 2], [23, 64], [52, 59], [49, 5], [31, 29], [23, 97], [10, 20], [47, 97], [47, 37]]",3.438890373148048,9513.566241502762,1.1813478127073564e-16
"[[49, 96], [26, 2], [22, 64], [52, 59], [49, 5], [31, 29], [23, 97], [10, 20], [47, 97], [47, 37]]",3.43857704038232,9520.69634962082,1.1222804220719885e-16
"[[49, 96], [26, 2], [23, 64], [52, 59], [49, 5], [31, 29], [23, 97], [10, 20], [47, 97], [47, 37]]",3.438890373148048,9527.814760446548,1.0661664009683891e-16
"[[49, 96], [26, 2], [22, 64], [52, 59], [49, 5], [31, 29], [23, 97], [10, 20], [47, 97], [47, 37]]",3.43857704038232,9534.973546743393,1.0128580809199696e-16
"[[49, 96], [26, 2], [23, 64], [52, 59], [49, 5], [31, 29], [23, 97], [10, 20], [47, 97], [47, 37]]",3.438890373148048,9542.094349622726,9.622151768739711e-17
"[[49, 96], [26, 2], [22, 64], [52, 59], [49, 5], [31, 29], [23, 97], [10, 20], [47, 97], [47, 37]]",3.43857704038232,9549.205242395401,9.141044180302725e-17
"[[49, 96], [26, 2], [23, 64], [52, 59], [49, 5], [31, 29], [23, 97], [10, 20], [47, 97], [47, 37]]",3.438890373148048,9556.324452877045,8.683991971287588e-17
"[[49, 96], [26, 2], [22, 64], [52, 59], [49, 5], [31, 29], [23, 97], [10, 20], [47, 97], [47, 37]]",3.43857704038232,9563.541934013367,8.249792372723208e-17
"[[49, 96], [26, 2], [23, 64], [52, 59], [49, 5], [31, 29], [23, 97], [10, 20], [47, 97], [47, 37]]",3.438890373148048,9570.698703289032,7.837302754087048e-17
"[[49, 96], [26, 2], [22, 64], [52, 59], [49, 5], [31, 29], [23, 97], [10, 20], [47, 97], [47, 37]]",3.43857704038232,9577.810167312622,7.445437616382695e-17
"[[49, 96], [26, 2], [23, 64], [52, 59], [49, 5], [31, 29], [23, 97], [10, 20], [47, 97], [47, 37]]",3.438890373148048,9584.922789096832,7.07316573556356e-17
"[[49, 96], [26, 2], [22, 64], [52, 59], [49, 5], [31, 29], [23, 97], [10, 20], [47, 97], [47, 37]]",3.43857704038232,9592.045933961868,6.719507448785381e-17
"[[49, 96], [26, 2], [23, 64], [52, 59], [49, 5], [31, 29], [23, 97], [10, 20], [47, 97], [47, 37]]",3.438890373148048,9599.166298151016,6.383532076346112e-17
"[[49, 96], [26, 2], [22, 64], [52, 59], [49, 5], [31, 29], [23, 97], [10, 20], [47, 97], [47, 37]]",3.43857704038232,9606.30000448227,6.064355472528806e-17
"[[49, 96], [26, 2], [23, 64], [52, 59], [49, 5], [31, 29], [23, 97], [10, 20], [47, 97], [47, 37]]",3.438890373148048,9613.412690401077,5.761137698902366e-17
"[[49, 96], [26, 2], [22, 64], [52, 59], [49, 5], [31, 29], [23, 97], [10, 20], [47, 97], [47, 37]]",3.43857704038232,9620.539784431458,5.473080813957247e-17
"[[49, 96], [26, 2], [23, 64], [52, 59], [49, 5], [31, 29], [23, 97], [10, 20], [47, 97], [47, 37]]",3.438890373148048,9627.654302835464,5.199426773259384e-17
"[[49, 96], [26, 2], [22, 64], [52, 59], [49, 5], [31, 29], [23, 97], [10, 20], [47, 97], [47, 37]]",3.43857704038232,9634.83123922348,4.939455434596415e-17
"[[49, 96], [26, 2], [23, 64], [52, 59], [49, 5], [31, 29], [23, 97], [10, 20], [47, 97], [47, 37]]",3.438890373148048,9641.950707912445,4.692482662866594e-17
"[[49, 96], [26, 2], [22, 64], [52, 59], [49, 5], [31, 29], [23, 97], [10, 20], [47, 97], [47, 37]]",3.43857704038232,9649.074584960938,4.457858529723264e-17
"[[49, 96], [26, 2], [23, 64], [52, 59], [49, 5], [31, 29], [23, 97], [10, 20], [47, 97], [47, 37]]",3.438890373148048,9656.194560289383,4.234965603237101e-17
"[[49, 96], [26, 2], [22, 64], [52, 59], [49, 5], [31, 29], [23, 97], [10, 20], [47, 97], [47, 37]]",3.43857704038232,9663.323254823685,4.0232173230752455e-17
"[[49, 96], [26, 2], [23, 64], [52, 59], [49, 5], [31, 29], [23, 97], [10, 20], [47, 97], [47, 37]]",3.438890373148048,9670.47674870491,3.822056456921483e-17
"[[49, 96], [26, 2], [22, 64], [52, 59], [49, 5], [31, 29], [23, 97], [10, 20], [47, 97], [47, 37]]",3.43857704038232,9677.590739250183,3.6309536340754086e-17
"[[49, 96], [26, 2], [23, 64], [52, 59], [49, 5], [31, 29], [23, 97], [10, 20], [47, 97], [47, 37]]",3.438890373148048,9684.70563006401,3.449405952371638e-17
"[[49, 96], [26, 2], [22, 64], [52, 59], [49, 5], [31, 29], [23, 97], [10, 20], [47, 97], [47, 37]]",3.43857704038232,9691.836320877075,3.276935654753056e-17
"[[49, 96], [26, 2], [23, 64], [52, 59], [49, 5], [31, 29], [23, 97], [10, 20], [47, 97], [47, 37]]",3.438890373148048,9698.960583925247,3.1130888720154033e-17
"[[49, 96], [26, 2], [22, 64], [52, 59], [49, 5], [31, 29], [23, 97], [10, 20], [47, 97], [47, 37]]",3.43857704038232,9706.129189491272,2.957434428414633e-17
"[[49, 96], [26, 2], [23, 64], [52, 59], [49, 5], [31, 29], [23, 97], [10, 20], [47, 97], [47, 37]]",3.438890373148048,9713.258874416351,2.809562706993901e-17
"[[49, 96], [26, 2], [22, 64], [52, 59], [49, 5], [31, 29], [23, 97], [10, 20], [47, 97], [47, 37]]",3.43857704038232,9720.384275197983,2.669084571644206e-17
"[[49, 96], [26, 2], [23, 64], [52, 59], [49, 5], [31, 29], [23, 97], [10, 20], [47, 97], [47, 37]]",3.438890373148048,9727.504309415817,2.5356303430619956e-17
"[[49, 96], [26, 2], [22, 64], [52, 59], [49, 5], [31, 29], [23, 97], [10, 20], [47, 97], [47, 37]]",3.43857704038232,9734.630137443542,2.4088488259088957e-17
"[[49, 96], [26, 2], [23, 64], [52, 59], [49, 5], [31, 29], [23, 97], [10, 20], [47, 97], [47, 37]]",3.438890373148048,9741.791188001633,2.288406384613451e-17
"[[49, 96], [26, 2], [22, 64], [52, 59], [49, 5], [31, 29], [23, 97], [10, 20], [47, 97], [47, 37]]",3.43857704038232,9748.923298835754,2.1739860653827782e-17
"[[49, 96], [26, 2], [23, 64], [52, 59], [49, 5], [31, 29], [23, 97], [10, 20], [47, 97], [47, 37]]",3.438890373148048,9756.051911115646,2.065286762113639e-17
"[[49, 96], [26, 2], [22, 64], [52, 59], [49, 5], [31, 29], [23, 97], [10, 20], [47, 97], [47, 37]]",3.43857704038232,9763.173783302307,1.962022424007957e-17
"[[49, 96], [26, 2], [23, 64], [52, 59], [49, 5], [31, 29], [23, 97], [10, 20], [47, 97], [47, 37]]",3.438890373148048,9770.33369064331,1.863921302807559e-17
"[[49, 96], [26, 2], [22, 64], [52, 59], [49, 5], [31, 29], [23, 97], [10, 20], [47, 97], [47, 37]]",3.43857704038232,9777.477640390396,1.770725237667181e-17
"[[49, 96], [26, 2], [23, 64], [52, 59], [49, 5], [31, 29], [23, 97], [10, 20], [47, 97], [47, 37]]",3.438890373148048,9784.603179454803,1.682188975783822e-17
"[[49, 96], [26, 2], [22, 64], [52, 59], [49, 5], [31, 29], [23, 97], [10, 20], [47, 97], [47, 37]]",3.43857704038232,9791.728845834732,1.5980795269946308e-17
"[[49, 96], [26, 2], [23, 64], [52, 59], [49, 5], [31, 29], [23, 97], [10, 20], [47, 97], [47, 37]]",3.438890373148048,9798.847614765167,1.5181755506448993e-17
"[[49, 96], [26, 2], [22, 64], [52, 59], [49, 5], [31, 29], [23, 97], [10, 20], [47, 97], [47, 37]]",3.43857704038232,9806.0042116642,1.4422667731126544e-17
"[[49, 96], [26, 2], [23, 64], [52, 59], [49, 5], [31, 29], [23, 97], [10, 20], [47, 97], [47, 37]]",3.438890373148048,9813.137870550156,1.3701534344570217e-17
"[[49, 96], [26, 2], [22, 64], [52, 59], [49, 5], [31, 29], [23, 97], [10, 20], [47, 97], [47, 37]]",3.43857704038232,9820.261286735535,1.3016457627341705e-17
"[[49, 96], [26, 2], [23, 64], [52, 59], [49, 5], [31, 29], [23, 97], [10, 20], [47, 97], [47, 37]]",3.438890373148048,9827.384088993073,1.236563474597462e-17
"[[49, 96], [26, 2], [22, 64], [52, 59], [49, 5], [31, 29], [23, 97], [10, 20], [47, 97], [47, 37]]",3.43857704038232,9834.517164945602,1.1747353008675889e-17
"[[49, 96], [26, 2], [23, 64], [52, 59], [49, 5], [31, 29], [23, 97], [10, 20], [47, 97], [47, 37]]",3.438890373148048,9841.674473524094,1.1159985358242094e-17
"[[49, 96], [26, 2], [22, 64], [52, 59], [49, 5], [31, 29], [23, 97], [10, 20], [47, 97], [47, 37]]",3.43857704038232,9848.798968315125,1.0601986090329988e-17
"[[49, 96], [26, 2], [23, 64], [52, 59], [49, 5], [31, 29], [23, 97], [10, 20], [47, 97], [47, 37]]",3.438890373148048,9855.932163000107,1.0071886785813488e-17
"[[49, 96], [26, 2], [22, 64], [52, 59], [49, 5], [31, 29], [23, 97], [10, 20], [47, 97], [47, 37]]",3.43857704038232,9863.057742357254,9.568292446522813e-18
"[[49, 96], [26, 2], [23, 64], [52, 59], [49, 5], [31, 29], [23, 97], [10, 20], [47, 97], [47, 37]]",3.438890373148048,9870.16918373108,9.089877824196671e-18
"[[49, 96], [26, 2], [22, 64], [52, 59], [49, 5], [31, 29], [23, 97], [10, 20], [47, 97], [47, 37]]",3.43857704038232,9877.35474562645,8.635383932986837e-18
"[[49, 96], [26, 2], [23, 64], [52, 59], [49, 5], [31, 29], [23, 97], [10, 20], [47, 97], [47, 37]]",3.438890373148048,9884.479511260986,8.203614736337495e-18
"[[49, 96], [26, 2], [22, 64], [52, 59], [49, 5], [31, 29], [23, 97], [10, 20], [47, 97], [47, 37]]",3.43857704038232,9891.604051828384,7.79343399952062e-18
"[[49, 96], [26, 2], [23, 64], [52, 59], [49, 5], [31, 29], [23, 97], [10, 20], [47, 97], [47, 37]]",3.438890373148048,9898.736665725708,7.403762299544589e-18
"[[49, 96], [26, 2], [22, 64], [52, 59], [49, 5], [31, 29], [23, 97], [10, 20], [47, 97], [47, 37]]",3.43857704038232,9905.891184091568,7.033574184567359e-18
"[[49, 96], [26, 2], [23, 64], [52, 59], [49, 5], [31, 29], [23, 97], [10, 20], [47, 97], [47, 37]]",3.438890373148048,9913.028484582901,6.681895475338991e-18
"[[49, 96], [26, 2], [22, 64], [52, 59], [49, 5], [31, 29], [23, 97], [10, 20], [47, 97], [47, 37]]",3.43857704038232,9920.156210899353,6.347800701572041e-18
"[[49, 96], [26, 2], [23, 64], [52, 59], [49, 5], [31, 29], [23, 97], [10, 20], [47, 97], [47, 37]]",3.438890373148048,9927.29107260704,6.030410666493439e-18
"[[49, 96], [26, 2], [22, 64], [52, 59], [49, 5], [31, 29], [23, 97], [10, 20], [47, 97], [47, 37]]",3.43857704038232,9934.434102773666,5.728890133168767e-18
"[[49, 96], [26, 2], [23, 64], [52, 59], [49, 5], [31, 29], [23, 97], [10, 20], [47, 97], [47, 37]]",3.438890373148048,9941.593064308167,5.442445626510329e-18
"[[49, 96], [26, 2], [22, 64], [52, 59], [49, 5], [31, 29], [23, 97], [10, 20], [47, 97], [47, 37]]",3.43857704038232,9948.72539806366,5.170323345184812e-18
"[[49, 96], [26, 2], [23, 64], [52, 59], [49, 5], [31, 29], [23, 97], [10, 20], [47, 97], [47, 37]]",3.438890373148048,9955.843127012253,4.911807177925571e-18
"[[49, 96], [26, 2], [22, 64], [52, 59], [49, 5], [31, 29], [23, 97], [10, 20], [47, 97], [47, 37]]",3.43857704038232,9963.043799638748,4.6662168190292926e-18
"[[49, 96], [26, 2], [23, 64], [52, 59], [49, 5], [31, 29], [23, 97], [10, 20], [47, 97], [47, 37]]",3.438890373148048,9970.152421474457,4.432905978077828e-18
"[[49, 96], [26, 2], [22, 64], [52, 59], [49, 5], [31, 29], [23, 97], [10, 20], [47, 97], [47, 37]]",3.43857704038232,9977.39674949646,4.211260679173937e-18
"[[49, 96], [26, 2], [23, 64], [52, 59], [49, 5], [31, 29], [23, 97], [10, 20], [47, 97], [47, 37]]",3.438890373148048,9984.521167516708,4.00069764521524e-18
"[[49, 96], [26, 2], [22, 64], [52, 59], [49, 5], [31, 29], [23, 97], [10, 20], [47, 97], [47, 37]]",3.43857704038232,9991.675623893738,3.8006627629544775e-18
"[[49, 96], [26, 2], [23, 64], [52, 59], [49, 5], [31, 29], [23, 97], [10, 20], [47, 97], [47, 37]]",3.438890373148048,9998.790383815765,3.610629624806753e-18
"[[49, 96], [26, 2], [22, 64], [52, 59], [49, 5], [31, 29], [23, 97], [10, 20], [47, 97], [47, 37]]",3.43857704038232,10005.918748140335,3.4300981435664152e-18
"[[49, 96], [26, 2], [23, 64], [52, 59], [49, 5], [31, 29], [23, 97], [10, 20], [47, 97], [47, 37]]",3.438890373148048,10013.060190916061,3.2585932363880945e-18
"[[49, 96], [26, 2], [22, 64], [52, 59], [49, 5], [31, 29], [23, 97], [10, 20], [47, 97], [47, 37]]",3.43857704038232,10020.183811187744,3.0956635745686896e-18
"[[49, 96], [26, 2], [23, 64], [52, 59], [49, 5], [31, 29], [23, 97], [10, 20], [47, 97], [47, 37]]",3.438890373148048,10027.401758909225,2.940880395840255e-18
"[[49, 96], [26, 2], [22, 64], [52, 59], [49, 5], [31, 29], [23, 97], [10, 20], [47, 97], [47, 37]]",3.43857704038232,10034.535726547241,2.793836376048242e-18
"[[49, 96], [26, 2], [23, 64], [52, 59], [49, 5], [31, 29], [23, 97], [10, 20], [47, 97], [47, 37]]",3.438890373148048,10041.70659828186,2.6541445572458296e-18
"[[49, 96], [26, 2], [22, 64], [52, 59], [49, 5], [31, 29], [23, 97], [10, 20], [47, 97], [47, 37]]",3.43857704038232,10048.814700603485,2.521437329383538e-18
"[[49, 96], [26, 2], [23, 64], [52, 59], [49, 5], [31, 29], [23, 97], [10, 20], [47, 97], [47, 37]]",3.438890373148048,10056.027428627014,2.395365462914361e-18
"[[49, 96], [26, 2], [22, 64], [52, 59], [49, 5], [31, 29], [23, 97], [10, 20], [47, 97], [47, 37]]",3.43857704038232,10063.155191421509,2.2755971897686428e-18
"[[49, 96], [26, 2], [23, 64], [52, 59], [49, 5], [31, 29], [23, 97], [10, 20], [47, 97], [47, 37]]",3.438890373148048,10070.281258583069,2.1618173302802107e-18
"[[49, 96], [26, 2], [22, 64], [52, 59], [49, 5], [31, 29], [23, 97], [10, 20], [47, 97], [47, 37]]",3.43857704038232,10077.438074350357,2.0537264637662002e-18
"[[49, 96], [26, 2], [23, 64], [52, 59], [49, 5], [31, 29], [23, 97], [10, 20], [47, 97], [47, 37]]",3.438890373148048,10084.571012020111,1.9510401405778902e-18
"[[49, 96], [26, 2], [22, 64], [52, 59], [49, 5], [31, 29], [23, 97], [10, 20], [47, 97], [47, 37]]",3.43857704038232,10091.706372499466,1.853488133548996e-18
"[[49, 96], [26, 2], [23, 64], [52, 59], [49, 5], [31, 29], [23, 97], [10, 20], [47, 97], [47, 37]]",3.438890373148048,10098.827829122543,1.760813726871546e-18
"[[49, 96], [26, 2], [22, 64], [52, 59], [49, 5], [31, 29], [23, 97], [10, 20], [47, 97], [47, 37]]",3.43857704038232,10105.938742637634,1.6727730405279685e-18
"[[49, 96], [26, 2], [23, 64], [52, 59], [49, 5], [31, 29], [23, 97], [10, 20], [47, 97], [47, 37]]",3.438890373148048,10113.09923195839,1.58913438850157e-18
"[[49, 96], [26, 2], [22, 64], [52, 59], [49, 5], [31, 29], [23, 97], [10, 20], [47, 97], [47, 37]]",3.43857704038232,10120.217247486115,1.5096776690764913e-18
"[[49, 96], [26, 2], [23, 64], [52, 59], [49, 5], [31, 29], [23, 97], [10, 20], [47, 97], [47, 37]]",3.438890373148048,10127.319414377213,1.4341937856226666e-18
"[[49, 96], [26, 2], [22, 64], [52, 59], [49, 5], [31, 29], [23, 97], [10, 20], [47, 97], [47, 37]]",3.43857704038232,10134.416597604752,1.3624840963415331e-18
"[[49, 96], [26, 2], [23, 64], [52, 59], [49, 5], [31, 29], [23, 97], [10, 20], [47, 97], [47, 37]]",3.438890373148048,10141.551369428635,1.2943598915244564e-18
"[[49, 96], [26, 2], [22, 64], [52, 59], [49, 5], [31, 29], [23, 97], [10, 20], [47, 97], [47, 37]]",3.43857704038232,10148.697197437286,1.2296418969482335e-18
"[[49, 96], [26, 2], [23, 64], [52, 59], [49, 5], [31, 29], [23, 97], [10, 20], [47, 97], [47, 37]]",3.438890373148048,10155.844956636429,1.1681598021008218e-18
"[[49, 96], [26, 2], [22, 64], [52, 59], [49, 5], [31, 29], [23, 97], [10, 20], [47, 97], [47, 37]]",3.43857704038232,10162.9692568779,1.1097518119957807e-18
"[[49, 96], [26, 2], [23, 64], [52, 59], [49, 5], [31, 29], [23, 97], [10, 20], [47, 97], [47, 37]]",3.438890373148048,10170.090737342834,1.0542642213959916e-18
"[[49, 96], [26, 2], [22, 64], [52, 59], [49, 5], [31, 29], [23, 97], [10, 20], [47, 97], [47, 37]]",3.43857704038232,10177.24100112915,1.001551010326192e-18
"[[49, 96], [26, 2], [23, 64], [52, 59], [49, 5], [31, 29], [23, 97], [10, 20], [47, 97], [47, 37]]",3.438890373148048,10184.349203586578,9.514734598098822e-19
"[[49, 96], [26, 2], [22, 64], [52, 59], [49, 5], [31, 29], [23, 97], [10, 20], [47, 97], [47, 37]]",3.43857704038232,10191.469644546509,9.03899786819388e-19
"[[49, 96], [26, 2], [23, 64], [52, 59], [49, 5], [31, 29], [23, 97], [10, 20], [47, 97], [47, 37]]",3.438890373148048,10198.582520008087,8.587047974784186e-19
"[[49, 96], [26, 2], [22, 64], [52, 59], [49, 5], [31, 29], [23, 97], [10, 20], [47, 97], [47, 37]]",3.43857704038232,10205.71213388443,8.157695576044977e-19
"[[49, 96], [26, 2], [23, 64], [52, 59], [49, 5], [31, 29], [23, 97], [10, 20], [47, 97], [47, 37]]",3.438890373148048,10212.874355316162,7.749810797242728e-19
"[[49, 96], [26, 2], [22, 64], [52, 59], [49, 5], [31, 29], [23, 97], [10, 20], [47, 97], [47, 37]]",3.43857704038232,10219.99729180336,7.362320257380592e-19
"[[49, 96], [26, 2], [23, 64], [52, 59], [49, 5], [31, 29], [23, 97], [10, 20], [47, 97], [47, 37]]",3.438890373148048,10227.116210460663,6.994204244511562e-19
"[[49, 96], [26, 2], [22, 64], [52, 59], [49, 5], [31, 29], [23, 97], [10, 20], [47, 97], [47, 37]]",3.43857704038232,10234.435936450958,6.644494032285983e-19
"[[49, 96], [26, 2], [23, 64], [52, 59], [49, 5], [31, 29], [23, 97], [10, 20], [47, 97], [47, 37]]",3.438890373148048,10241.568599939346,6.312269330671683e-19
"[[49, 96], [26, 2], [22, 64], [52, 59], [49, 5], [31, 29], [23, 97], [10, 20], [47, 97], [47, 37]]",3.43857704038232,10248.731843233109,5.996655864138099e-19
"[[49, 96], [26, 2], [23, 64], [52, 59], [49, 5], [31, 29], [23, 97], [10, 20], [47, 97], [47, 37]]",3.438890373148048,10255.853869199753,5.696823070931194e-19
"[[49, 96], [26, 2], [22, 64], [52, 59], [49, 5], [31, 29], [23, 97], [10, 20], [47, 97], [47, 37]]",3.43857704038232,10262.980979204178,5.411981917384634e-19
"[[49, 96], [26, 2], [23, 64], [52, 59], [49, 5], [31, 29], [23, 97], [10, 20], [47, 97], [47, 37]]",3.438890373148048,10270.120340108871,5.141382821515402e-19
"[[49, 96], [26, 2], [22, 64], [52, 59], [49, 5], [31, 29], [23, 97], [10, 20], [47, 97], [47, 37]]",3.43857704038232,10277.237631082535,4.884313680439631e-19
"[[49, 96], [26, 2], [23, 64], [52, 59], [49, 5], [31, 29], [23, 97], [10, 20], [47, 97], [47, 37]]",3.438890373148048,10284.38860988617,4.64009799641765e-19
"[[49, 96], [26, 2], [22, 64], [52, 59], [49, 5], [31, 29], [23, 97], [10, 20], [47, 97], [47, 37]]",3.43857704038232,10291.524642467499,4.408093096596767e-19
"[[49, 96], [26, 2], [23, 64], [52, 59], [49, 5], [31, 29], [23, 97], [10, 20], [47, 97], [47, 37]]",3.438890373148048,10298.655169725418,4.1876884417669284e-19
"[[49, 96], [26, 2], [22, 64], [52, 59], [49, 5], [31, 29], [23, 97], [10, 20], [47, 97], [47, 37]]",3.43857704038232,10305.783742904663,3.978304019678582e-19
"[[49, 96], [26, 2], [23, 64], [52, 59], [49, 5], [31, 29], [23, 97], [10, 20], [47, 97], [47, 37]]",3.438890373148048,10312.937653303146,3.7793888186946525e-19
"[[49, 96], [26, 2], [22, 64], [52, 59], [49, 5], [31, 29], [23, 97], [10, 20], [47, 97], [47, 37]]",3.43857704038232,10320.058301448822,3.59041937775992e-19
"[[49, 96], [26, 2], [23, 64], [52, 59], [49, 5], [31, 29], [23, 97], [10, 20], [47, 97], [47, 37]]",3.438890373148048,10327.181886196136,3.410898408871924e-19
"[[49, 96], [26, 2], [22, 64], [52, 59], [49, 5], [31, 29], [23, 97], [10, 20], [47, 97], [47, 37]]",3.43857704038232,10334.30093407631,3.2403534884283275e-19
"[[49, 96], [26, 2], [23, 64], [52, 59], [49, 5], [31, 29], [23, 97], [10, 20], [47, 97], [47, 37]]",3.438890373148048,10341.446879148483,3.078335814006911e-19
"[[49, 96], [26, 2], [22, 64], [52, 59], [49, 5], [31, 29], [23, 97], [10, 20], [47, 97], [47, 37]]",3.43857704038232,10348.604699850082,2.924419023306565e-19
"[[49, 96], [26, 2], [23, 64], [52, 59], [49, 5], [31, 29], [23, 97], [10, 20], [47, 97], [47, 37]]",3.438890373148048,10355.748906373978,2.7781980721412367e-19
"[[49, 96], [26, 2], [22, 64], [52, 59], [49, 5], [31, 29], [23, 97], [10, 20], [47, 97], [47, 37]]",3.43857704038232,10362.86751651764,2.639288168534175e-19
"[[49, 96], [26, 2], [23, 64], [52, 59], [49, 5], [31, 29], [23, 97], [10, 20], [47, 97], [47, 37]]",3.438890373148048,10370.003663301468,2.507323760107466e-19
"[[49, 96], [26, 2], [22, 64], [52, 59], [49, 5], [31, 29], [23, 97], [10, 20], [47, 97], [47, 37]]",3.43857704038232,10377.154916524887,2.3819575721020925e-19
"[[49, 96], [26, 2], [23, 64], [52, 59], [49, 5], [31, 29], [23, 97], [10, 20], [47, 97], [47, 37]]",3.438890373148048,10384.329010725021,2.262859693496988e-19
"[[49, 96], [26, 2], [22, 64], [52, 59], [49, 5], [31, 29], [23, 97], [10, 20], [47, 97], [47, 37]]",3.43857704038232,10391.456368923187,2.1497167088221383e-19
"[[49, 96], [26, 2], [23, 64], [52, 59], [49, 5], [31, 29], [23, 97], [10, 20], [47, 97], [47, 37]]",3.438890373148048,10398.58365726471,2.0422308733810313e-19
"[[49, 96], [26, 2], [22, 64], [52, 59], [49, 5], [31, 29], [23, 97], [10, 20], [47, 97], [47, 37]]",3.43857704038232,10405.738181829453,1.9401193297119797e-19
"[[49, 96], [26, 2], [23, 64], [52, 59], [49, 5], [31, 29], [23, 97], [10, 20], [47, 97], [47, 37]]",3.438890373148048,10412.861274719238,1.8431133632263805e-19
"[[49, 96], [26, 2], [22, 64], [52, 59], [49, 5], [31, 29], [23, 97], [10, 20], [47, 97], [47, 37]]",3.43857704038232,10420.033196687698,1.7509576950650615e-19
"[[49, 96], [26, 2], [23, 64], [52, 59], [49, 5], [31, 29], [23, 97], [10, 20], [47, 97], [47, 37]]",3.438890373148048,10427.1615421772,1.6634098103118084e-19
"[[49, 96], [26, 2], [22, 64], [52, 59], [49, 5], [31, 29], [23, 97], [10, 20], [47, 97], [47, 37]]",3.43857704038232,10434.286779642105,1.580239319796218e-19
"[[49, 96], [26, 2], [23, 64], [52, 59], [49, 5], [31, 29], [23, 97], [10, 20], [47, 97], [47, 37]]",3.438890373148048,10441.446029186249,1.501227353806407e-19
"[[49, 96], [26, 2], [22, 64], [52, 59], [49, 5], [31, 29], [23, 97], [10, 20], [47, 97], [47, 37]]",3.43857704038232,10448.592333078384,1.4261659861160864e-19
"[[49, 96], [26, 2], [23, 64], [52, 59], [49, 5], [31, 29], [23, 97], [10, 20], [47, 97], [47, 37]]",3.438890373148048,10455.741858959198,1.3548576868102821e-19
"[[49, 96], [26, 2], [22, 64], [52, 59], [49, 5], [31, 29], [23, 97], [10, 20], [47, 97], [47, 37]]",3.43857704038232,10462.871918201447,1.287114802469768e-19
"[[49, 96], [26, 2], [23, 64], [52, 59], [49, 5], [31, 29], [23, 97], [10, 20], [47, 97], [47, 37]]",3.438890373148048,10469.999652147293,1.2227590623462796e-19
"[[49, 96], [26, 2], [22, 64], [52, 59], [49, 5], [31, 29], [23, 97], [10, 20], [47, 97], [47, 37]]",3.43857704038232,10477.13161110878,1.1616211092289656e-19
"[[49, 96], [26, 2], [23, 64], [52, 59], [49, 5], [31, 29], [23, 97], [10, 20], [47, 97], [47, 37]]",3.438890373148048,10484.28751540184,1.1035400537675173e-19
"[[49, 96], [26, 2], [22, 64], [52, 59], [49, 5], [31, 29], [23, 97], [10, 20], [47, 97], [47, 37]]",3.43857704038232,10491.403850078583,1.0483630510791414e-19
"[[49, 96], [26, 2], [23, 64], [52, 59], [49, 5], [31, 29], [23, 97], [10, 20], [47, 97], [47, 37]]",3.438890373148048,10498.520754098892,9.959448985251844e-20
"[[49, 96], [26, 2], [22, 64], [52, 59], [49, 5], [31, 29], [23, 97], [10, 20], [47, 97], [47, 37]]",3.43857704038232,10505.63544011116,9.46147653598925e-20
"[[49, 96], [26, 2], [23, 64], [52, 59], [49, 5], [31, 29], [23, 97], [10, 20], [47, 97], [47, 37]]",3.438890373148048,10512.754994392395,8.988402709189788e-20
"[[49, 96], [26, 2], [22, 64], [52, 59], [49, 5], [31, 29], [23, 97], [10, 20], [47, 97], [47, 37]]",3.43857704038232,10519.923973798752,8.538982573730298e-20
"[[49, 96], [26, 2], [23, 64], [52, 59], [49, 5], [31, 29], [23, 97], [10, 20], [47, 97], [47, 37]]",3.438890373148048,10527.045481204987,8.112033445043783e-20
"[[49, 96], [26, 2], [22, 64], [52, 59], [49, 5], [31, 29], [23, 97], [10, 20], [47, 97], [47, 37]]",3.43857704038232,10534.174347877502,7.706431772791593e-20
"[[49, 96], [26, 2], [23, 64], [52, 59], [49, 5], [31, 29], [23, 97], [10, 20], [47, 97], [47, 37]]",3.438890373148048,10541.279519796371,7.321110184152013e-20
"[[49, 96], [26, 2], [22, 64], [52, 59], [49, 5], [31, 29], [23, 97], [10, 20], [47, 97], [47, 37]]",3.43857704038232,10548.404113769531,6.955054674944412e-20
"[[49, 96], [26, 2], [23, 64], [52, 59], [49, 5], [31, 29], [23, 97], [10, 20], [47, 97], [47, 37]]",3.438890373148048,10555.559520483017,6.607301941197191e-20
"[[49, 96], [26, 2], [22, 64], [52, 59], [49, 5], [31, 29], [23, 97], [10, 20], [47, 97], [47, 37]]",3.43857704038232,10562.701795101166,6.276936844137331e-20
"[[49, 96], [26, 2], [23, 64], [52, 59], [49, 5], [31, 29], [23, 97], [10, 20], [47, 97], [47, 37]]",3.438890373148048,10569.856902837753,5.963090001930465e-20
"[[49, 96], [26, 2], [22, 64], [52, 59], [49, 5], [31, 29], [23, 97], [10, 20], [47, 97], [47, 37]]",3.43857704038232,10576.99180984497,5.664935501833942e-20
"[[49, 96], [26, 2], [23, 64], [52, 59], [49, 5], [31, 29], [23, 97], [10, 20], [47, 97], [47, 37]]",3.438890373148048,10584.15413737297,5.3816887267422446e-20
"[[49, 96], [26, 2], [22, 64], [52, 59], [49, 5], [31, 29], [23, 97], [10, 20], [47, 97], [47, 37]]",3.43857704038232,10591.298336267471,5.112604290405132e-20
"[[49, 96], [26, 2], [23, 64], [52, 59], [49, 5], [31, 29], [23, 97], [10, 20], [47, 97], [47, 37]]",3.438890373148048,10598.455835342407,4.8569740758848757e-20
"[[49, 96], [26, 2], [22, 64], [52, 59], [49, 5], [31, 29], [23, 97], [10, 20], [47, 97], [47, 37]]",3.43857704038232,10605.592428684235,4.6141253720906314e-20
"[[49, 96], [26, 2], [23, 64], [52, 59], [49, 5], [31, 29], [23, 97], [10, 20], [47, 97], [47, 37]]",3.438890373148048,10612.740840673447,4.3834191034860995e-20
"[[49, 96], [26, 2], [22, 64], [52, 59], [49, 5], [31, 29], [23, 97], [10, 20], [47, 97], [47, 37]]",3.43857704038232,10619.912616729736,4.1642481483117944e-20
"[[49, 96], [26, 2], [23, 64], [52, 59], [49, 5], [31, 29], [23, 97], [10, 20], [47, 97], [47, 37]]",3.438890373148048,10627.047743082047,3.9560357408962046e-20
"[[49, 96], [26, 2], [22, 64], [52, 59], [49, 5], [31, 29], [23, 97], [10, 20], [47, 97], [47, 37]]",3.43857704038232,10634.185995817184,3.758233953851394e-20
"[[49, 96], [26, 2], [23, 64], [52, 59], [49, 5], [31, 29], [23, 97], [10, 20], [47, 97], [47, 37]]",3.438890373148048,10641.345655918121,3.570322256158824e-20
"[[49, 96], [26, 2], [22, 64], [52, 59], [49, 5], [31, 29], [23, 97], [10, 20], [47, 97], [47, 37]]",3.43857704038232,10648.484232187271,3.391806143350883e-20
"[[49, 96], [26, 2], [23, 64], [52, 59], [49, 5], [31, 29], [23, 97], [10, 20], [47, 97], [47, 37]]",3.438890373148048,10655.664239883423,3.2222158361833386e-20
"[[49, 96], [26, 2], [22, 64], [52, 59], [49, 5], [31, 29], [23, 97], [10, 20], [47, 97], [47, 37]]",3.43857704038232,10662.794261932373,3.0611050443741715e-20
"[[49, 96], [26, 2], [23, 64], [52, 59], [49, 5], [31, 29], [23, 97], [10, 20], [47, 97], [47, 37]]",3.438890373148048,10669.92969584465,2.908049792155463e-20
"[[49, 96], [26, 2], [22, 64], [52, 59], [49, 5], [31, 29], [23, 97], [10, 20], [47, 97], [47, 37]]",3.43857704038232,10677.056037664413,2.7626473025476896e-20
